"Date","Open","High","Low","Close","Volume","OpenInt"
05/31/2001,97.68750,97.68750,97.68750,97.68750,1,1
06/01/2001,98.50000,98.50000,98.50000,98.50000,0,1
06/04/2001,98.75000,98.75000,98.75000,98.75000,0,1
06/05/2001,99.15620,99.15620,99.15620,99.15620,0,1
06/06/2001,99.18750,99.18750,99.18750,99.18750,0,1
06/07/2001,98.59380,98.59380,98.59380,98.59380,0,1
06/08/2001,98.40620,98.40620,98.40620,98.40620,0,1
06/11/2001,98.90620,98.90620,98.90620,98.90620,0,1
06/12/2001,99.37500,99.37500,99.37500,99.37500,0,1
06/13/2001,99.34380,99.34380,99.34380,99.34380,0,1
06/14/2001,99.65620,99.65620,99.65620,99.65620,0,1
06/15/2001,99.21880,99.21880,99.21880,99.21880,0,1
06/18/2001,99.06250,99.06250,99.06250,99.06250,0,1
06/19/2001,99.18750,99.18750,99.18750,99.18750,0,1
06/20/2001,99.50000,99.50000,99.50000,99.50000,0,1
06/21/2001,99.81250,99.81250,99.81250,99.81250,0,1
06/22/2001,100.68750,100.68750,100.68750,100.68750,0,1
06/25/2001,100.50000,100.50000,100.50000,100.50000,0,1
06/26/2001,99.75000,99.75000,99.75000,99.75000,0,1
06/27/2001,100.00000,100.00000,100.00000,100.00000,0,1
06/28/2001,99.21880,99.21880,99.21880,99.21880,281000,1
06/29/2001,98.37500,98.37500,98.37500,98.37500,0,1
07/02/2001,98.96880,98.96880,98.96880,98.96880,0,1
07/03/2001,98.46880,98.46880,98.46880,98.46880,0,1
07/05/2001,98.06250,98.06250,98.06250,98.06250,0,1
07/06/2001,98.40620,98.40620,98.40620,98.40620,0,1
07/09/2001,98.90620,98.90620,98.90620,98.90620,0,1
07/10/2001,99.34380,99.34380,99.34380,99.34380,0,1
07/11/2001,99.09380,99.09380,99.09380,99.09380,0,1
07/12/2001,99.68750,99.68750,99.68750,99.68750,0,1
07/13/2001,99.84380,99.84380,99.84380,99.84380,0,1
07/16/2001,100.37500,100.37500,100.37500,100.37500,0,1
07/17/2001,100.46880,100.46880,100.46880,100.46880,0,1
07/18/2001,101.43750,101.43750,101.43750,101.43750,0,11
07/19/2001,101.28120,101.28120,101.28120,101.28120,0,1
07/20/2001,101.15620,101.15620,101.15620,101.15620,0,1
07/23/2001,101.50000,101.50000,101.50000,101.50000,0,1
07/24/2001,101.75000,101.75000,101.75000,101.75000,52,53
07/25/2001,101.03120,101.03120,101.03120,101.03120,0,53
07/26/2001,100.96880,100.96880,100.96880,100.96880,0,53
07/27/2001,101.56250,101.56250,101.56250,101.56250,0,53
07/30/2001,101.81250,101.81250,101.81250,101.81250,0,53
07/31/2001,102.06250,102.06250,102.06250,102.06250,0,53
08/01/2001,101.81250,101.81250,101.81250,101.81250,0,53
08/02/2001,101.18750,101.18750,101.18750,101.18750,0,53
08/03/2001,101.09380,101.09380,101.09380,101.09380,0,53
08/06/2001,101.00000,101.00000,101.00000,101.00000,0,53
08/07/2001,100.93750,100.93750,100.93750,100.93750,0,53
08/08/2001,101.96880,101.96880,101.96880,101.96880,0,53
08/09/2001,101.68750,101.68750,101.68750,101.68750,0,53
08/10/2001,102.03120,102.03120,102.03120,102.03120,0,53
08/13/2001,102.15620,102.15620,102.15620,102.15620,0,53
08/14/2001,102.09380,102.09380,102.09380,102.09380,0,53
08/15/2001,101.96880,101.96880,101.96880,101.96880,0,53
08/16/2001,102.43750,102.43750,102.43750,102.43750,0,53
08/17/2001,103.28120,103.28120,103.28120,103.28120,0,53
08/20/2001,102.81250,102.81250,102.81250,102.81250,0,53
08/21/2001,102.84380,102.84380,102.84380,102.84380,50,103
08/22/2001,102.90620,102.90620,102.90620,102.90620,0,103
08/23/2001,103.34380,103.34380,103.34380,103.34380,0,103
08/24/2001,102.90620,102.90620,102.90620,102.90620,0,103
08/27/2001,102.71880,102.71880,102.71880,102.71880,0,103
08/28/2001,103.53120,103.53120,103.53120,103.53120,0,103
08/29/2001,104.15620,104.15620,104.15620,104.15620,0,103
08/30/2001,104.00000,104.00000,104.00000,104.00000,0,103
08/31/2001,104.00000,104.00000,104.00000,104.00000,0,103
09/04/2001,102.37500,102.37500,102.37500,102.37500,0,103
09/05/2001,102.53120,102.53120,102.53120,102.53120,0,103
09/06/2001,103.40620,103.40620,103.40620,103.40620,0,103
09/07/2001,103.90620,103.90620,103.90620,103.90620,2,105
09/10/2001,103.28120,103.28120,103.28120,103.28120,0,105
09/11/2001,104.43750,104.43750,104.43750,104.43750,0,105
09/13/2001,104.21880,104.21880,104.21880,104.21880,7,103
09/14/2001,104.53120,104.53120,104.53120,104.53120,0,103
09/17/2001,103.75000,103.75000,103.75000,103.75000,0,103
09/18/2001,101.96880,101.96880,101.96880,101.96880,0,103
09/19/2001,101.84380,101.84380,101.84380,101.84380,0,103
09/20/2001,100.90620,100.90620,100.90620,100.90620,0,103
09/21/2001,101.43750,101.43750,101.43750,101.43750,0,103
09/24/2001,101.59380,101.59380,101.59380,101.59380,100,189
09/25/2001,102.00000,102.00000,101.62500,101.62500,288,444
09/26/2001,102.71880,102.71880,102.71880,102.71880,171,462
09/27/2001,103.40620,103.43750,103.40620,103.43750,87,469
09/28/2001,103.68750,103.68750,103.68750,103.68750,154,476
10/01/2001,104.18750,104.18750,104.18750,104.18750,0,476
10/02/2001,104.90620,104.90620,104.62500,104.62500,0,476
10/03/2001,104.78120,104.78120,104.78120,104.78120,10,471
10/04/2001,104.93750,104.93750,104.93750,104.93750,0,471
10/05/2001,104.81250,104.81250,104.81250,104.81250,0,471
10/09/2001,104.00000,104.00000,104.00000,104.00000,60,531
10/10/2001,104.40620,104.40620,104.40620,104.40620,0,531
10/11/2001,103.56250,103.56250,103.56250,103.56250,10,541
10/12/2001,103.46880,103.46880,103.46880,103.46880,0,541
10/15/2001,104.12500,104.12500,104.12500,104.12500,0,556
10/16/2001,104.37500,104.37500,104.37500,104.37500,1,556
10/17/2001,104.75000,104.75000,104.75000,104.75000,0,556
10/18/2001,104.84380,104.84380,104.84380,104.84380,0,556
10/19/2001,104.31250,104.31250,104.31250,104.31250,0,556
10/22/2001,104.43750,104.43750,104.43750,104.43750,0,556
10/23/2001,104.21880,104.21880,104.21880,104.21880,0,556
10/24/2001,105.06250,105.06250,105.06250,105.06250,3,559
10/25/2001,105.53120,105.53120,105.53120,105.53120,0,559
10/26/2001,105.62500,105.62500,105.62500,105.62500,0,559
10/29/2001,105.96880,105.96880,105.96880,105.96880,0,559
10/30/2001,106.40620,106.40620,106.40620,106.40620,21,580
10/31/2001,108.43750,108.43750,108.43750,108.43750,61,593
11/01/2001,109.18750,109.31250,108.81250,108.81250,27,608
11/02/2001,107.28120,107.28120,107.28120,107.28120,108,720
11/05/2001,107.43750,108.09380,107.43750,108.09380,102,666
11/06/2001,108.68750,108.68750,108.15620,108.15620,36,672
11/07/2001,109.31250,109.31250,109.31250,109.31250,1,673
11/08/2001,108.81250,108.81250,108.34380,108.34380,153,764
11/09/2001,108.28120,108.28120,108.28120,108.28120,5,719
11/13/2001,107.75000,107.75000,107.65620,107.65620,2,710
11/14/2001,107.06250,107.06250,106.43750,106.43750,38,728
11/15/2001,104.21880,104.21880,104.21880,104.21880,118,701
11/16/2001,102.75000,102.84380,102.75000,102.84380,2,703
11/19/2001,102.78120,104.21880,102.75000,104.18750,3213,2450
11/20/2001,102.87500,102.87500,102.87500,102.87500,3305,4439
11/21/2001,101.50000,102.09380,101.50000,101.84380,1959,5490
11/23/2001,102.00000,102.28120,101.40620,101.40620,37,5492
11/26/2001,101.75000,102.28120,101.31250,101.31250,113,5431
11/27/2001,101.25000,101.62500,100.81250,101.56250,1437,5958
11/28/2001,101.56250,101.56250,101.56250,101.56250,24992,20107
11/29/2001,102.40620,102.87500,102.25000,102.84380,768,20552
11/30/2001,102.56250,103.25000,102.43750,102.59380,17,20557
12/03/2001,103.00000,103.00000,103.00000,103.00000,61,20582
12/04/2001,102.84380,104.03120,102.84380,103.90620,2450,22105
12/05/2001,103.18750,103.18750,100.65620,101.53120,2047,22206
12/06/2001,100.43750,101.09380,100.43750,100.46880,145,22096
12/07/2001,98.34380,100.93750,98.31250,98.34380,1226,22430
12/10/2001,98.34380,99.15620,98.34380,98.81250,212,22461
12/11/2001,99.25000,99.62500,99.12500,99.25000,794,22541
12/12/2001,99.90620,100.31250,99.75000,100.25000,3013,25398
12/13/2001,99.56250,100.71880,99.31250,99.31250,13,25389
12/14/2001,99.65620,99.65620,98.59380,98.59380,117,25434
12/17/2001,98.06250,98.81250,96.96880,98.12500,607,25863
12/18/2001,99.40620,99.40620,99.18750,99.34380,7501,30562
12/19/2001,99.75000,100.37500,99.53120,100.31250,1170,30577
12/20/2001,100.18750,100.59380,99.68750,100.25000,1406,31324
12/21/2001,100.18750,100.56250,99.90620,99.93750,524,31518
12/24/2001,99.62500,99.68750,99.37500,99.53120,23,31528
12/26/2001,99.40620,99.40620,99.15620,99.18750,207,31502
12/27/2001,99.03120,99.81250,98.93750,99.81250,129,31555
12/28/2001,99.43750,99.96880,98.78120,99.34380,1072,32522
12/31/2001,99.50000,100.40620,99.46880,100.37500,363,32431
01/02/2002,100.06250,100.65620,98.75000,98.93750,517,32406
01/03/2002,99.37500,99.43750,99.03120,99.34380,541,32596
01/04/2002,99.34380,99.84380,98.18750,99.03120,767,32964
01/07/2002,100.00000,100.31250,99.18750,100.25000,506,33167
01/08/2002,100.56250,100.59380,99.93750,100.18750,44,33158
01/09/2002,99.90620,100.43750,99.68750,100.31250,688,33539
01/10/2002,100.37500,101.90620,100.37500,101.62500,1158,33694
01/11/2002,101.56250,102.59380,101.56250,102.25000,1641,34158
01/14/2002,102.18750,102.71880,102.06250,102.06250,290,34099
01/15/2002,102.03120,103.00000,101.93750,102.68750,416,34256
01/16/2002,103.03120,103.15620,102.15620,102.53120,1144,34601
01/17/2002,101.81250,102.25000,101.59380,101.78120,645,34363
01/18/2002,101.68750,102.43750,101.37500,102.43750,2500,35243
01/22/2002,102.06250,102.40620,101.87500,102.28120,3186,36124
01/23/2002,101.81250,102.15620,100.81250,101.00000,789,36344
01/24/2002,101.15620,101.50000,100.81250,101.03120,1712,36771
01/25/2002,101.43750,101.43750,100.28120,100.93750,3582,37719
01/28/2002,101.18750,101.40620,100.50000,101.09380,1096,38035
01/29/2002,100.96880,102.21880,100.59380,102.06250,3073,39669
01/30/2002,102.31250,102.46880,101.71880,102.03120,2637,40544
01/31/2002,102.12500,102.37500,101.56250,101.68750,1237,41295
02/01/2002,101.56250,102.40620,101.37500,102.18750,3129,41817
02/04/2002,102.53120,103.06250,102.43750,103.00000,1410,42605
02/05/2002,103.31250,103.31250,102.25000,102.90620,3366,41778
02/06/2002,103.06250,103.09380,102.43750,102.50000,2435,41843
02/07/2002,102.00000,102.31250,101.81250,102.12500,6673,41264
02/08/2002,102.03120,103.18750,101.87500,102.68750,10070,42188
02/11/2002,102.25000,102.56250,102.18750,102.40620,7075,44411
02/12/2002,102.28120,102.59380,101.56250,101.65620,7943,46605
02/13/2002,101.62500,101.68750,100.87500,101.53120,21083,53377
02/14/2002,101.53120,102.40620,101.46880,102.18750,1914,54013
02/15/2002,102.34380,103.25000,102.31250,103.03120,15878,60815
02/19/2002,103.21880,103.21880,102.46880,102.71880,8219,64708
02/20/2002,102.78120,103.31250,102.56250,102.75000,28627,81989
02/21/2002,102.75000,103.25000,102.40620,103.03120,58409,102385
02/22/2002,103.25000,103.93750,102.43750,103.50000,65741,138443
02/25/2002,103.46880,103.75000,103.09380,103.31250,65192,171853
02/26/2002,103.31250,103.46880,102.34380,102.50000,105353,220469
02/27/2002,102.46880,103.43750,102.31250,103.31250,139757,273890
02/28/2002,103.31250,103.43750,102.56250,102.90620,290998,328509
03/01/2002,102.87500,103.03120,101.59380,101.81250,275201,353369
03/04/2002,101.62500,101.81250,101.15620,101.71880,182081,358593
03/05/2002,101.78120,102.03120,101.09380,101.90620,222252,378727
03/06/2002,102.00000,102.09380,101.18750,101.34380,223132,391971
03/07/2002,101.25000,101.34380,99.53120,99.68750,332979,407962
03/08/2002,99.59380,99.78120,98.71880,98.90620,279827,419326
03/11/2002,99.09380,99.43750,98.75000,98.87500,142124,415363
03/12/2002,98.90620,99.56250,98.68750,98.90620,192750,419379
03/13/2002,98.90620,99.34380,98.46880,99.15620,252714,429895
03/14/2002,98.81250,98.90620,97.68750,97.81250,262279,432512
03/15/2002,97.78120,98.87500,97.18750,98.56250,263227,432321
03/18/2002,98.71880,99.25000,98.43750,99.09380,158276,422499
03/19/2002,99.09380,99.50000,98.50000,98.75000,169622,421413
03/20/2002,99.12500,99.43750,97.75000,97.93750,248163,420591
03/21/2002,98.00000,98.59380,97.50000,98.34380,193976,417823
03/22/2002,98.53120,98.59380,97.81250,98.12500,161093,415297
03/25/2002,98.15620,98.28120,97.53120,98.21880,140657,412410
03/26/2002,98.12500,99.25000,97.93750,98.96880,225712,413145
03/27/2002,99.00000,99.31250,98.78120,99.00000,129664,407864
03/28/2002,98.90620,99.21880,97.68750,98.15620,149528,427260
04/01/2002,98.15620,98.75000,97.96880,98.25000,151281,416966
04/02/2002,98.15620,99.34380,97.81250,99.18750,176526,417924
04/03/2002,99.21880,99.87500,98.84380,99.78120,206720,419964
04/04/2002,99.75000,100.34380,99.62500,99.93750,193931,418735
04/05/2002,99.87500,100.78120,99.68750,100.59380,202579,421798
04/08/2002,100.71880,100.87500,100.03120,100.21880,136247,425287
04/09/2002,100.00000,100.62500,99.90620,100.50000,124191,419020
04/10/2002,100.50000,100.75000,100.00000,100.25000,169921,421143
04/11/2002,100.12500,100.96880,99.87500,100.62500,172132,427986
04/12/2002,100.56250,101.15620,100.21880,100.96880,186966,429983
04/15/2002,100.96880,101.43750,100.78120,101.31250,116188,423469
04/16/2002,101.28120,101.28120,100.25000,100.90620,190943,419042
04/17/2002,100.75000,100.78120,99.84380,100.06250,224802,427174
04/18/2002,99.96880,101.18750,99.59380,100.28120,249436,433506
04/19/2002,100.34380,100.71880,99.96880,100.56250,158277,430651
04/22/2002,100.53120,100.78120,100.31250,100.75000,95591,427268
04/23/2002,100.68750,101.18750,100.50000,100.93750,168588,425617
04/24/2002,100.93750,101.81250,100.81250,101.75000,199238,432554
04/25/2002,101.65620,102.34380,101.59380,101.81250,259228,432546
04/26/2002,101.65620,102.31250,101.50000,102.21880,181953,441670
04/29/2002,102.18750,102.31250,101.78120,101.96880,126813,434019
04/30/2002,101.84380,102.43750,101.71880,102.31250,199971,446192
05/01/2002,102.31250,103.12500,102.31250,102.68750,230030,440412
05/02/2002,102.71880,102.81250,102.06250,102.15620,167997,444807
05/03/2002,102.25000,103.00000,102.03120,102.71880,194622,436914
05/06/2002,102.78120,102.81250,102.46880,102.62500,60367,435301
05/07/2002,102.75000,102.90620,102.34380,102.59380,140607,424521
05/08/2002,102.62500,102.62500,101.00000,101.12500,241591,427651
05/09/2002,101.06250,101.68750,100.78120,101.53120,191083,427614
05/10/2002,101.68750,102.18750,101.12500,102.06250,182037,420120
05/13/2002,102.06250,102.06250,100.84380,101.03120,165989,421716
05/14/2002,100.96880,101.12500,99.84380,100.12500,241487,419636
05/15/2002,100.25000,100.62500,99.96880,100.37500,235766,413568
05/16/2002,100.46880,101.00000,100.31250,100.87500,197985,407493
05/17/2002,100.87500,100.87500,99.93750,100.18750,199632,411097
05/20/2002,100.18750,100.87500,100.12500,100.81250,137091,388611
05/21/2002,100.75000,101.34380,100.50000,101.25000,200247,382025
05/22/2002,101.28120,101.90620,101.12500,101.81250,192422,370935
05/23/2002,101.59380,102.56250,101.18750,101.31250,296713,359178
05/24/2002,101.28120,101.84380,101.18750,101.53120,160779,335616
05/28/2002,101.15620,101.81250,101.00000,101.50000,274745,282806
05/29/2002,101.50000,102.15620,101.37500,102.03120,288154,226887
05/30/2002,102.09380,102.65620,101.87500,102.43750,276892,186429
05/31/2002,102.56250,102.87500,101.78120,102.28120,88877,142112
06/03/2002,102.15620,102.68750,101.59380,102.34380,33009,124558
06/04/2002,102.53120,103.09380,102.31250,102.50000,30546,111692
06/05/2002,102.37500,102.43750,101.84380,102.00000,20488,104707
06/06/2002,102.03120,102.75000,101.65620,102.53120,35738,89530
06/07/2002,102.43750,103.06250,101.75000,101.93750,38557,68686
06/10/2002,101.93750,102.53120,101.78120,102.37500,18400,58836
06/11/2002,102.37500,103.09380,101.96880,103.00000,12089,52241
06/12/2002,103.06250,103.53120,102.81250,103.37500,5473,49195
06/13/2002,103.15620,104.12500,103.12500,103.75000,12218,41111
06/14/2002,103.87500,105.31250,103.87500,105.06250,9984,35424
06/17/2002,105.06250,105.15620,104.21880,104.31250,8771,30760
06/18/2002,104.46880,105.00000,104.18750,104.40620,4112,29134
06/19/2002,104.84380,105.25000,104.81250,105.18750,19604,15481
