800811,75,75,74.15625,74.25,1,61
800812,74.25,75.125,74.25,75.03125,1,60
800813,75.1875,75.1875,75.1875,75.1875,0,60
800814,75.21875,75.21875,75.21875,75.21875,0,60
800815,74.9375,76.125,74.9375,76.125,1,59
800818,74.8125,74.8125,74.40625,74.4375,1,60
800819,74.78125,74.78125,73.78125,73.8125,7,58
800820,73.65625,74.0625,73.40625,74.03125,1,57
800821,74.03125,74.03125,74.03125,74.03125,0,57
800822,74.0625,74.6875,74.0625,74.6875,1,56
800825,73.71875,74,73.625,73.625,1,55
800826,73.65625,73.96875,73.46875,73.53125,1,54
800827,73.375,73.375,72.84375,72.875,1,53
800828,72.6875,72.75,72.3125,72.46875,5,52
800829,73.15625,73.71875,73.15625,73.71875,3,55
800902,74.6875,74.6875,74.6875,74.6875,0,55
800903,75.4375,75.46875,75.09375,75.25,4,52
800904,74.9375,74.9375,74.9375,74.9375,0,52
800905,74.84375,75.125,74.46875,74.59375,2,51
800908,74.03125,74.03125,74.03125,74.03125,0,51
800909,74.71875,75.1875,74.65625,74.78125,6,55
800910,74.6875,75.15625,74.6875,74.78125,5,50
800911,74.25,74.25,73.875,73.90625,1,49
800912,73.90625,73.90625,73.65625,73.65625,0,49
800915,72.5625,72.5625,72.5625,72.5625,0,49
800916,72.9375,73.0625,72.6875,73.0625,1,50
800917,73.125,73.125,72.15625,72.375,3,50
800918,72.90625,72.90625,72.90625,72.90625,0,50
800919,73.5,73.6875,73.375,73.53125,14,55
800922,71.53125,71.625,71.53125,71.625,1,54
800923,71.3125,71.3125,71.3125,71.3125,0,54
800924,71.65625,71.65625,71.65625,71.65625,0,54
800925,70.84375,70.84375,70.84375,70.84375,0,54
800926,70.25,70.25,70.25,70.25,0,54
800929,69.5,69.53125,69.5,69.53125,3,51
800930,71.25,71.25,71.25,71.25,0,51
801001,71.09375,71.09375,71.09375,71.09375,0,51
801002,71.1875,71.1875,71.1875,71.1875,0,51
801003,73.1875,73.1875,73.1875,73.1875,0,51
801006,73.71875,73.71875,73.71875,73.71875,0,51
801007,73.125,73.125,73.125,73.125,0,51
801008,72.875,72.875,72.875,72.875,0,51
801009,74.59375,74.59375,74.59375,74.59375,0,51
801010,74.0625,74.0625,74.0625,74.0625,0,51
801013,73.90625,73.90625,73.90625,73.90625,0,51
801014,74.40625,74.40625,74.40625,74.40625,0,51
801015,74.625,74.625,74.625,74.625,0,51
801016,73.5625,73.5625,73.5625,73.5625,0,51
801017,72.6875,72.6875,72.6875,72.6875,0,51
801020,72.625,72.625,72.625,72.625,0,51
801021,72.875,73,71.90625,71.90625,1,51
801022,71.90625,72.15625,71.3125,71.3125,15,61
801023,71.3125,71.3125,70.9375,71.21875,10,51
801024,71.75,71.75,71.75,71.75,0,51
801027,69.75,69.75,69.75,69.75,0,51
801028,68.46875,68.875,68.46875,68.875,1,51
801029,68.21875,68.21875,68.21875,68.21875,0,51
801030,68.125,68.125,68.125,68.125,0,51
801031,68.46875,68.46875,68.46875,68.46875,0,51
801103,68.84375,68.84375,68.84375,68.84375,0,51
801105,67.5625,67.5625,67.5625,67.5625,0,51
801106,67.6875,67.71875,66.96875,66.96875,10,41
801107,68.4375,68.4375,68.4375,68.4375,0,41
801110,67.71875,67.71875,67.40625,67.40625,1,40
801111,69.40625,69.40625,69.40625,69.40625,0,40
801112,69.90625,69.90625,69.90625,69.90625,0,40
801113,70.03125,70.03125,70.03125,70.03125,0,40
801114,68.96875,68.96875,68.96875,68.96875,0,40
801117,68.375,68.375,68.375,68.375,0,40
801118,70.0625,70.0625,70.0625,70.0625,0,40
801119,70.8125,70.875,70.8125,70.875,2,41
801120,70.375,70.375,70.375,70.375,0,41
801121,69.53125,69.53125,69.53125,69.53125,0,41
801124,70.0625,70.0625,70.0625,70.0625,0,41
801125,69.96875,69.96875,69.96875,69.96875,0,41
801126,70.59375,70.59375,70.59375,70.59375,0,41
801128,69.90625,69.90625,69.90625,69.90625,0,41
801201,69,69,69,69,0,41
801202,69.21875,69.21875,69.21875,69.21875,0,41
801203,69.78125,69.78125,69.78125,69.78125,0,41
801204,69.5625,69.5625,69.5625,69.5625,0,41
801205,70.71875,70.71875,70.71875,70.71875,0,41
801208,69.90625,69.90625,69.90625,69.90625,0,41
801209,68.15625,68.15625,68.15625,68.15625,0,41
801210,67.65625,68.375,67.65625,67.9375,7,44
801211,65.9375,65.9375,65.9375,65.9375,0,44
801212,67.9375,67.9375,67.9375,67.9375,0,44
801215,67.625,67.625,67.625,67.625,0,44
801216,67.03125,67.03125,67.03125,67.03125,0,44
801217,67.875,67.875,67.875,67.875,0,44
801218,68.71875,68.71875,68.71875,68.71875,0,44
801219,70.71875,70.71875,70.71875,70.71875,0,44
801222,72.71875,72.71875,72.71875,72.71875,20,24
801223,72.25,72.4375,72.25,72.4375,15,9
801224,72.78125,72.78125,72.78125,72.78125,0,9
801229,72.8125,72.8125,72.8125,72.8125,0,9
801230,71.625,71.625,71.625,71.625,0,9
801231,72.03125,72.03125,72.03125,72.03125,0,9
810102,72.53125,72.53125,72.53125,72.53125,0,9
810105,73.5625,73.5625,73.5625,73.5625,0,9
810106,73.40625,73.40625,73.40625,73.40625,0,9
810107,72.25,72.25,72.25,72.25,0,9
810108,72.375,72.375,72.375,72.375,0,9
810109,71.09375,71.09375,71.09375,71.09375,0,9
810112,71,71,71,71,0,9
810113,71.5625,71.5625,71.5625,71.5625,0,9
810114,71.0625,71.0625,71.0625,71.0625,0,9
810115,70.59375,70.59375,70.375,70.375,1,10
810116,70.78125,71.125,70.78125,71.125,1,9
810119,70.25,70.25,70.25,70.25,0,9
810120,71.25,71.25,71.25,71.25,0,9
810121,69.65625,69.65625,69.65625,69.65625,0,9
810122,69.1875,69.1875,69.1875,69.1875,0,9
810123,69.4375,69.4375,69.4375,69.4375,0,9
810126,70.21875,70.21875,70.21875,70.21875,0,9
810127,70,70,70,70,0,9
810128,69.71875,69.71875,69.71875,69.71875,0,9
810129,69.375,69.375,69.375,69.375,0,9
810130,70.03125,70.03125,70.03125,70.03125,0,9
810202,69.625,69.625,68.6875,68.6875,1,10
810203,67.9375,67.9375,67.9375,67.9375,0,10
810204,68.875,68.875,68.875,68.875,0,10
810205,67.96875,67.96875,67.96875,67.96875,0,10
810206,67.4375,67.4375,67.4375,67.4375,0,10
810209,66.90625,66.90625,66.90625,66.90625,0,10
810210,66.28125,66.28125,66.28125,66.28125,0,10
810211,65.6875,65.6875,65.6875,65.6875,0,10
810212,64.53125,64.875,64.53125,64.875,1,9
810213,64.75,64.75,64.75,64.75,0,9
810217,66.3125,66.3125,66.3125,66.3125,0,9
810218,66.5,66.5,66.5,66.5,0,9
810219,67.28125,67.28125,67.28125,67.28125,0,9
810220,67.96875,67.96875,67.96875,67.96875,0,9
810223,66.4375,66.4375,66.4375,66.4375,0,9
810224,66.5625,66.5625,66.5625,66.5625,0,9
810225,66.0625,66.0625,66.0625,66.0625,0,9
810226,65.65625,65.65625,65.65625,65.65625,0,9
810227,65.65625,65.65625,65.65625,65.65625,0,9
810302,64.4375,64.4375,64.4375,64.4375,0,9
810303,65.625,65.625,65.625,65.625,0,9
810304,65.46875,65.46875,65.46875,65.46875,0,9
810305,65.9375,65.9375,65.9375,65.9375,0,9
810306,66.96875,66.96875,66.96875,66.96875,0,9
810309,67.25,67.25,67.25,67.25,0,9
810310,67,67,67,67,0,9
810311,66.78125,66.78125,66.78125,66.78125,0,9
810312,67.6875,67.6875,67.6875,67.6875,0,9
810313,68.5625,68.5625,68.5625,68.5625,0,9
810316,68.4375,68.4375,68.4375,68.4375,0,9
810317,68.8125,69.375,68.8125,69.375,1,9
810318,69.4375,69.71875,69.4375,69.71875,2,7
810319,68.9375,68.9375,68.9375,68.9375,0,7
810320,68.625,68.625,68.625,68.625,0,7
810323,67.03125,67.03125,66.625,66.625,4,6
810324,65.8125,65.8125,65.8125,65.8125,0,6
810325,66.25,66.25,66.25,66.25,0,6
810326,65.40625,65.40625,65.40625,65.40625,0,6
810327,65.28125,65.28125,65.28125,65.28125,0,6
810330,66.46875,66.46875,66.46875,66.46875,0,6
810331,66.84375,66.84375,66.84375,66.84375,0,6
810401,66.8125,66.8125,66.8125,66.8125,0,6
810402,65.96875,65.96875,65.96875,65.96875,0,6
810403,65.3125,65.3125,65.3125,65.3125,0,6
810406,63.5625,63.5625,63.5625,63.5625,0,6
810407,65.125,65.125,65.125,65.125,0,6
810408,64.21875,64.21875,64.21875,64.21875,0,6
810409,64.96875,64.96875,64.96875,64.96875,0,6
810410,64.21875,64.21875,64.21875,64.21875,0,6
810413,63.90625,63.90625,63.90625,63.90625,0,6
810414,64.40625,64.40625,64.40625,64.40625,0,6
810415,63.5,63.5,63.5,63.5,0,6
810416,63.21875,63.21875,63.21875,63.21875,0,6
810420,64.1875,64.1875,64.1875,64.1875,0,6
810421,64,64,63.8125,63.8125,1,5
810422,63.59375,63.59375,63.59375,63.59375,0,5
810423,63.5625,63.5625,63.5625,63.5625,0,5
810424,63.21875,63.21875,63.21875,63.21875,0,5
810427,62.90625,62.90625,62.90625,62.90625,0,5
810428,63.0625,63.0625,63.0625,63.0625,0,5
810429,62.46875,62.46875,62.21875,62.21875,5,0
810430,61.5625,61.5625,61.5625,61.5625,0,0
810501,62,62,62,62,0,0
810504,60.09375,60.09375,60.09375,60.09375,0,0
810505,59.65625,59.65625,59.65625,59.65625,0,0
810506,59.9375,59.9375,59.9375,59.9375,0,0
810507,61.21875,61.21875,61.21875,61.21875,0,0
810508,61.3125,61.3125,61.3125,61.3125,0,0
810511,61.5,61.5,61.5,61.5,0,0
810512,60.4375,60.4375,60.4375,60.4375,0,0
810513,60.3125,60.3125,60.3125,60.3125,0,0
810514,61.15625,62,61.15625,62,1,1
810515,62.1875,62.1875,62.09375,62.09375,1,0
810518,63.5,63.5,63.5,63.5,0,0
810519,62.40625,62.40625,62.40625,62.40625,0,0
