790928,86.625,86.9375,86.4375,86.90625,16,119
791001,86,86,86,86,2,120
791002,86.3125,86.46875,86.3125,86.46875,82,121
791003,86.40625,86.40625,86.21875,86.21875,22,140
791004,85.9375,85.9375,85.875,85.875,43,179
791005,85.75,85.75,85.65625,85.65625,16,188
791008,85.09375,85.09375,84.90625,84.90625,4,188
791009,84.53125,84.53125,83.90625,83.90625,58,183
791010,82.90625,82.9375,82.90625,82.90625,28,207
791011,83.125,83.15625,82.28125,82.65625,4,208
791012,82.53125,82.96875,82.53125,82.96875,53,253
791015,82.34375,82.40625,81.875,81.875,31,274
791016,82.03125,82.5,81.59375,82.5,1,273
791017,83.15625,83.15625,83.0625,83.0625,1,274
791018,82.96875,82.96875,82.125,82.125,60,327
791019,81.4375,81.4375,81.125,81.125,63,356
791022,80.25,80.25,80.125,80.125,208,522
791023,79.34375,79.71875,78.90625,78.90625,151,476
791024,78.46875,79.9375,78.46875,79.9375,294,441
791025,78.75,80.15625,78.75,79.71875,58,423
791026,81,81.5,81,81.5,1,424
791029,80.8125,80.8125,80.625,80.625,30,423
791030,80.46875,81.5625,80.25,81.0625,100,478
791031,81.40625,81.40625,80.59375,80.59375,4,482
791101,79.875,81.15625,79.875,81.0625,5,482
791102,80.78125,80.78125,80.15625,80.15625,11,492
791105,80.53125,80.53125,80.25,80.25,5,497
791106,80.1875,80.25,80.03125,80.09375,95,581
791107,79.59375,79.65625,79.5,79.5,7,583
791108,79.40625,80,79.40625,80,66,604
791109,81.625,82,81.625,82,43,608
791112,82.84375,83.46875,82.84375,83.46875,204,633
791113,82.8125,82.9375,82.46875,82.46875,227,726
791114,81.4375,81.84375,81.4375,81.84375,126,667
791115,82.0625,82.46875,82.0625,82.46875,10,669
791116,81.84375,81.84375,81.4375,81.4375,13,671
791119,81.4375,81.4375,81.40625,81.40625,125,756
791120,82.03125,82.03125,81.78125,81.78125,42,786
791121,81.46875,82.1875,81.46875,82.125,226,990
791123,82.71875,83.53125,82.71875,83.28125,278,1121
791126,83.78125,84.5625,83.75,84.0625,279,1354
791127,84.0625,84.6875,83.625,84.125,418,1099
791128,83.65625,83.75,83.46875,83.6875,112,1172
791129,83.71875,84.09375,83.71875,84.09375,30,1189
791130,83.9375,84.0625,83.5,83.5,409,1401
791203,82.90625,83.59375,82.84375,83.5625,12,1402
791204,84.0625,84.21875,84.0625,84.0625,314,1544
791205,84.5,84.5625,84.1875,84.1875,11,1552
791206,84.125,85.3125,83.9375,84.90625,196,1779
791207,84.25,84.25,83.5,83.5,117,1855
791210,83.40625,83.625,83.40625,83.59375,235,1915
791211,83.15625,83.1875,82.1875,82.4375,179,1915
791212,82.59375,82.59375,81.6875,81.71875,280,1915
791213,81.5,82.28125,81.21875,82.15625,639,1804
791214,83.09375,83.09375,82.375,82.375,208,1735
791217,82.625,82.96875,82.625,82.84375,70,1762
791218,82.90625,83.03125,82.8125,83.03125,13,1775
791219,83.3125,83.40625,82.625,83.15625,166,1743
791220,83.15625,83.15625,82.625,82.625,189,1881
791221,82.21875,82.375,82.15625,82.375,301,1912
791226,82.3125,82.3125,81.84375,81.9375,275,2129
791227,81.65625,82.875,81.53125,82.625,658,2242
791228,82.625,83,82.625,82.65625,168,2237
791231,82.84375,83.125,82.84375,83.09375,275,2177
800102,82.875,82.875,81.90625,81.96875,133,2114
800103,81.53125,81.5625,81.40625,81.5625,23,2109
800104,81.59375,81.59375,81.25,81.34375,48,2083
800107,81.03125,81.46875,81.03125,81.4375,19,2091
800108,81.8125,82,81.5625,81.96875,25,2066
800109,81.96875,81.96875,81.75,81.78125,53,2050
800110,81.78125,82.125,81.78125,82.125,58,2026
800111,81.75,81.75,81.03125,81.15625,37,2022
800114,80.9375,81.21875,80.78125,80.875,29,2019
800115,80.65625,81.125,80.65625,81.0625,43,2031
800116,81.15625,81.25,81.15625,81.1875,32,2021
800117,81.40625,81.40625,80.53125,80.59375,39,2011
800118,79.9375,80.125,79.9375,80.125,65,1983
800121,79.65625,79.65625,78.65625,78.71875,104,1957
800122,79.3125,79.53125,79.3125,79.5,206,1996
800123,79.28125,79.5,79.28125,79.34375,25,1994
800124,79.21875,79.21875,77.71875,78,188,2066
800125,77.4375,77.4375,77.1875,77.25,56,2111
800128,77.25,77.25,76.9375,77.09375,563,2283
800129,77.28125,77.28125,76.25,76.40625,314,2304
800130,76.5625,76.8125,76.5625,76.65625,224,2320
800131,77.15625,77.3125,76.75,76.75,38,2313
800201,76.5625,76.5625,75.9375,76.09375,90,2300
800204,75.46875,75.5625,75.25,75.25,11,2311
800205,74.5625,74.5625,73.25,73.25,66,2356
800206,71.8125,73.3125,71.5,72.34375,1124,2759
800207,71.84375,73.53125,71.84375,73.25,136,2895
800208,74.0625,74.46875,72.875,73.4375,63,2879
800211,72.53125,72.84375,71.4375,71.4375,321,2897
800212,70.71875,71.03125,70.5,70.875,284,2973
800213,71.40625,72.03125,71.40625,72.03125,146,2945
800214,72.8125,72.8125,71.5,72,55,2966
800215,70.15625,70.78125,70.15625,70.65625,69,3029
800219,69.3125,69.3125,68.65625,68.65625,49,3055
800220,68.03125,68.84375,68.03125,68.125,300,3078
800221,68.21875,68.21875,66.375,66.625,563,3412
800222,65.71875,68.625,65.71875,68.5625,726,3488
800225,68,68.9375,67.5625,67.75,59,3465
800226,66.71875,67.8125,66.71875,67.625,69,3475
800227,68,68.625,67.625,67.75,186,3563
800228,68.75,69.75,68.6875,69.75,20,3555
800229,70.5,71.09375,69.875,71.09375,3,3552
800303,70.4375,70.625,70.0625,70.1875,434,3513
800304,70,70.84375,69.375,70.8125,241,3337
800305,70.21875,71.09375,70.21875,71,339,3295
800306,71.15625,71.15625,70.28125,70.78125,294,3184
800307,69.78125,72,69.78125,71.78125,104,3253
800310,71.9375,73.65625,71.9375,73.65625,58,3258
800311,73.65625,74.375,73.65625,74.28125,26,3283
800312,73.15625,73.1875,72.5625,72.8125,351,3302
800313,72.28125,73.90625,72.28125,73.875,59,3283
800314,74.0625,74.09375,73.375,73.90625,41,3271
800317,73.375,74.875,73.375,74.875,185,3316
800318,75.46875,76.625,75.3125,75.5,69,3287
800319,75.28125,75.71875,75.21875,75.25,25,3285
800320,75.625,75.625,73.46875,73.84375,51,3296
800321,73.3125,73.84375,73.21875,73.21875,10,3286
800324,71.84375,71.84375,71.21875,71.21875,25,3263
800325,70.625,71.3125,70.625,70.78125,26,3280
800326,71.71875,72.375,71.1875,71.25,89,3297
800327,70.9375,71.3125,69.46875,69.96875,131,3293
800328,71.3125,71.46875,70.875,71.09375,36,3291
800331,71,71.5625,70.84375,71.5625,124,3270
800401,72.09375,72.71875,71.84375,72.71875,259,3136
800402,72.625,73,71.625,71.625,65,3155
800403,72.3125,73.34375,72.3125,73.09375,5,3150
800407,75.0625,75.0625,74.46875,74.53125,82,3160
800408,73.90625,74.5,73.90625,74.1875,88,3150
800409,74.8125,74.8125,74.1875,74.21875,210,3205
800410,74.28125,75.625,74.28125,75.53125,212,3339
800411,76.78125,76.9375,76.28125,76.78125,40,3358
800414,76.59375,76.78125,75.875,75.96875,119,3315
800415,76.4375,76.75,76.25,76.4375,59,3359
800416,76.84375,78.4375,76.84375,78.4375,663,3586
800417,78.875,79.3125,78.625,78.96875,535,3781
800418,77.84375,78.84375,77.84375,78.84375,27,3754
800421,79.65625,79.65625,78.34375,78.34375,87,3786
800422,78.15625,79,77.1875,78.46875,253,3883
800423,78.46875,78.46875,77,77.0625,40,3884
800424,76.625,77.0625,76.28125,76.40625,34,3859
800425,75.40625,76.65625,75.40625,76.65625,142,3956
800428,77.4375,78.65625,77.3125,78.65625,79,3974
800429,77.8125,77.875,77.40625,77.71875,136,3919
800430,77.71875,77.71875,77.25,77.5,336,4162
800501,78.15625,78.625,78.0625,78.59375,274,4376
800502,78.71875,79.9375,78.71875,79.9375,204,4463
800505,80.5,81.375,80.3125,80.53125,561,4877
800506,80.75,81.875,80.65625,81.6875,136,4894
800507,82.46875,82.625,81,81.125,478,5256
800508,81.40625,81.40625,80.03125,80.03125,319,5343
800509,79.84375,79.875,79,79.6875,85,5375
800512,80.8125,80.8125,78.9375,79.125,217,5433
800513,78.4375,79.6875,78.40625,79.65625,86,5485
800514,80.34375,80.34375,79.53125,79.8125,156,5490
800515,79.59375,79.84375,77.8125,77.8125,51,5504
800516,78.15625,78.34375,77.5625,77.5625,720,5609
800519,76.875,77.21875,76.59375,76.59375,323,5579
800520,76.90625,78.40625,76.90625,78.40625,172,5497
800521,79,79.09375,78.90625,78.9375,204,5583
800522,78.6875,79.0625,78.59375,78.59375,334,5525
800523,80.15625,80.59375,80.15625,80.59375,106,5600
800527,80.59375,80.59375,80.0625,80.0625,111,5638
800528,79.5,79.9375,79.46875,79.5,36,5668
800529,79.46875,79.46875,78.625,78.90625,7,5668
800530,79.1875,79.1875,78.40625,78.5625,139,5716
800602,77.875,77.875,77.46875,77.46875,158,5835
800603,78.09375,78.90625,78.09375,78.90625,388,5951
800604,79.5,79.5,79.09375,79.34375,71,5952
800605,79.625,79.875,79.46875,79.8125,63,5984
800606,80.1875,81.40625,80.0625,81.375,22,6006
800609,81.65625,82.6875,81.4375,81.4375,1472,6165
800610,81.3125,81.6875,80.75,81.0625,407,6203
800611,80.625,81.625,80.625,81.5,410,6374
800612,81.90625,82.75,81.3125,82.75,235,6346
800613,84.28125,84.28125,83.625,83.90625,725,6480
800616,83.4375,84.15625,83.4375,84.03125,298,6550
800617,84.34375,84.34375,83.4375,83.5,117,6443
800618,83.25,83.78125,83,83.21875,44,6456
800619,83.71875,84,83.28125,83.28125,212,6492
800620,83.03125,84.0625,83.03125,84.0625,335,6610
800623,84,84,82.25,82.25,998,7111
800624,82.28125,82.875,82.03125,82.4375,886,7669
800625,82.25,82.25,81.78125,82.03125,1551,8137
800626,82.0625,82.625,81.40625,81.65625,1119,8575
800627,81.90625,81.90625,80.40625,80.40625,1833,9416
800630,79.875,80.3125,79.34375,80.28125,2096,10082
800701,80.21875,80.40625,79.1875,79.1875,307,10272
800702,78.875,79.46875,78.875,79.40625,158,10292
800703,79.90625,80.375,79.5,79.9375,88,10351
800707,80.1875,80.1875,77.9375,77.9375,119,10253
800708,78.40625,79.9375,78,79.9375,732,10376
800709,79.8125,80,78.9375,79.0625,450,9971
800710,78.9375,79,78.3125,78.59375,225,9957
800711,78.25,78.25,77.75,77.75,239,10074
800714,77.125,77.875,77.125,77.1875,255,10191
800715,78,79.0625,77.84375,79.0625,5,10188
800716,78.625,79.90625,78.21875,79.71875,43,10149
800717,79.625,80.34375,79.0625,79.28125,252,10039
800718,79.21875,79.75,78.40625,78.40625,40,10029
800721,78.875,79.375,78.46875,79.25,21,10028
800722,79.625,79.84375,78.71875,78.78125,37,10062
800723,78.21875,79.40625,78.21875,79.375,29,10063
800724,79.09375,79.09375,78.09375,78.28125,26,10047
800725,78.15625,78.59375,77.71875,77.71875,49,10069
800728,77.5,77.5,76.9375,77.03125,99,10079
800729,76.9375,77.53125,76.9375,77.34375,415,10014
800730,77.34375,77.625,75.90625,75.96875,198,10009
800731,75.9375,76.15625,74.84375,74.90625,395,10187
800801,75,75.5,74.90625,75.4375,1364,10252
800804,75.28125,76.34375,75.03125,76.34375,129,10241
800805,76.5625,76.84375,75.6875,75.75,9,10245
800806,75.875,76.125,75.4375,75.90625,40,10226
800807,75.8125,76.46875,75.78125,76.4375,128,10141
800808,75.75,75.875,75,75.03125,256,10022
800811,74.9375,74.9375,74.09375,74.09375,467,10383
800812,74.40625,74.8125,74.15625,74.8125,1935,9631
800813,75.28125,75.3125,74.75,74.96875,590,9588
800814,75.125,75.375,74.84375,74.96875,82,9601
800815,74.59375,75.8125,74.59375,75.8125,132,9596
800818,74.625,74.78125,74.28125,74.34375,50,9594
800819,74.6875,74.9375,73.8125,73.8125,202,9682
800820,73.53125,74.1875,73.53125,74.15625,154,9773
800821,74.375,74.5,73.65625,74.40625,424,9841
800822,74.46875,75.09375,74.46875,75.09375,728,9587
800825,74.40625,74.5,74.21875,74.21875,468,9606
800826,74.0625,74.53125,74,74,332,9830
800827,73.625,74,73.4375,73.59375,262,9809
800828,73.625,73.6875,73.53125,73.6875,537,9848
800829,73.5625,74.40625,73.375,74.375,845,9904
800902,74.375,75.625,74.375,75.21875,91,9877
800903,75.40625,76.09375,75.40625,75.75,239,9701
800904,75.84375,75.9375,75.40625,75.40625,222,9784
800905,75.3125,75.53125,75,75.09375,99,9791
800908,74.71875,74.78125,74.46875,74.625,100,9785
800909,74.8125,75.625,74.40625,75.34375,135,9801
800910,75.25,75.71875,75.25,75.25,203,9905
800911,74.78125,74.875,74.375,74.4375,36,9914
800912,74.1875,74.3125,73.875,74.1875,256,9865
800915,73.40625,73.5625,73.1875,73.4375,1445,10971
800916,73.59375,73.9375,73.46875,73.9375,362,11057
800917,74.125,74.3125,73.1875,73.25,132,11083
800918,73.34375,73.6875,73.28125,73.65625,272,11196
800919,73.9375,74.3125,73.9375,74.25,400,11367
800922,73.40625,73.40625,72.53125,72.59375,286,11380
800923,72.46875,72.65625,72.25,72.375,332,11539
800924,72.875,73,72.5,72.5,360,11595
800925,72.5,72.53125,71.84375,71.84375,316,11722
800926,70.875,71.4375,70.875,71.4375,1181,11857
800929,70.90625,70.90625,70.6875,70.75,869,12029
800930,71.15625,72.28125,71.15625,72.25,1188,12987
801001,72.3125,72.75,72.125,72.125,503,12678
801002,72,72.34375,71.84375,72.28125,312,12721
801003,73.21875,74.28125,73.21875,74.1875,210,12871
801006,74.1875,74.75,74.0625,74.34375,838,13029
801007,74.40625,74.40625,73.6875,73.71875,271,13069
801008,72.90625,73.46875,72.90625,73.46875,599,13084
801009,73.9375,74.90625,73.71875,74.90625,472,12922
801010,74.5,74.59375,74.375,74.4375,553,12990
801013,74,74.375,74,74.21875,139,12992
801014,74.34375,75.0625,74.34375,74.625,448,13070
801015,74.8125,74.9375,74.5,74.8125,265,13107
801016,75.1875,75.1875,73.90625,73.90625,1032,13403
801017,73.65625,73.65625,72.9375,73.1875,561,13221
801020,73,73.25,72.9375,73.09375,652,13261
801021,73.40625,73.4375,72.4375,72.4375,707,13329
801022,72.28125,72.65625,71.90625,71.9375,1409,13992
801023,72.15625,72.34375,71.625,71.84375,1128,14017
801024,72.15625,72.4375,71.84375,72.40625,2566,15268
801027,71.4375,71.4375,70.40625,70.40625,2806,16549
801028,70.1875,70.40625,69.3125,69.8125,4475,16420
801029,69.75,69.96875,69.0625,69.0625,700,16510
801030,68.6875,69.25,68.6875,69.0625,1785,16621
801031,69.375,69.625,69.375,69.40625,1337,16748
801103,68.9375,69.875,68.9375,69.875,1346,16826
801105,71.84375,71.875,68.84375,68.84375,1593,17290
801106,68.375,68.9375,68.25,68.375,1622,17822
801107,68.375,69.875,68.21875,69.375,2049,18124
801110,68.90625,69.03125,68.5625,68.5625,1103,18406
801111,69.78125,70.5625,69.78125,70.5625,2286,18294
801112,70.59375,70.8125,70.40625,70.6875,1600,18815
801113,70.3125,71.09375,70.3125,70.8125,380,18771
801114,70.6875,70.6875,69.8125,70,772,18962
801117,69.5,69.96875,69.25,69.5,652,19025
801118,69.65625,71.375,69.65625,70.96875,2782,18964
801119,71.46875,72.0625,71,71.84375,2334,19558
801120,71.6875,71.8125,71.4375,71.4375,890,19602
801121,70.9375,71,70.6875,70.6875,710,19786
801124,70.625,71.34375,70.5625,71.3125,1165,20285
801125,71.90625,72.15625,71.15625,71.15625,1202,20785
801126,71.21875,71.8125,71.21875,71.6875,1067,21134
801128,71.5625,71.59375,71.03125,71.03125,1561,21888
801201,70.65625,71.15625,70.53125,70.53125,1521,22857
801202,70.90625,70.90625,70.5625,70.875,1419,23631
801203,71.09375,71.28125,70.9375,71.09375,1019,23981
801204,71.15625,71.15625,70.59375,70.78125,1719,24295
801205,70.5,72.3125,70.5,72.125,2601,25575
801208,71.6875,72.375,71.65625,71.8125,4442,25053
801209,71.4375,71.5,70.0625,70.09375,1605,25249
801210,69.90625,70.3125,69.5625,70.03125,4124,26310
801211,69.21875,69.25,68.03125,68.03125,23711,26437
801212,68.21875,70.03125,67.8125,70.03125,7871,27290
801215,69.75,70,69.25,69.4375,1947,26351
801216,68.78125,69.09375,68.625,68.71875,2448,25206
801217,69.0625,70.46875,68.96875,69.28125,2656,25502
801218,69.40625,70.28125,69.40625,69.96875,2371,26437
801219,71.78125,71.96875,71.375,71.96875,3082,26124
801222,73.75,73.875,73.25,73.71875,4903,26231
801223,73.71875,73.71875,72.875,73.09375,3575,27069
801224,72.46875,73.4375,72.46875,73.4375,1570,27180
801229,73.65625,74.03125,73.0625,73.1875,3311,27624
801230,72.90625,73.03125,72.25,72.25,2194,27912
801231,72.25,72.84375,71.84375,72.84375,1272,28342
810102,72.4375,73.5625,72.4375,73.3125,2127,28258
810105,73.75,75.0625,73.6875,74.03125,1831,27978
810106,73.75,74.46875,73.71875,73.9375,711,27536
810107,73.75,73.9375,73.15625,73.1875,1402,27494
810108,73.125,73.65625,73.125,73.4375,3016,29079
810109,73.375,73.375,71.6875,72.46875,1080,29612
810112,74,74,72.09375,72.1875,1822,29873
810113,71.90625,72.75,71.78125,72.75,335,29756
810114,72.625,73.0625,72.125,72.21875,240,29717
810115,72.1875,72.40625,71.625,71.625,404,29847
810116,71.1875,72.3125,71.1875,72.28125,1415,29741
810119,71.90625,72.28125,71.625,71.6875,659,29557
810120,71.78125,72.78125,71.78125,72.6875,82,29569
810121,72.75,72.75,71.125,71.125,247,29501
810122,71.0625,71.4375,70.53125,70.8125,653,29507
810123,71.15625,71.25,70.9375,71.03125,953,29390
810126,71.5625,71.5625,71.09375,71.34375,885,29329
810127,71.34375,71.6875,70.96875,70.96875,586,29304
810128,70.9375,71.1875,70.78125,70.8125,797,29521
810129,70.34375,70.84375,70.34375,70.46875,451,29549
810130,70.90625,71.21875,70.875,71.03125,513,29552
810202,71.21875,71.21875,69.8125,69.8125,222,29589
810203,69.5,70,69.25,69.25,782,30032
810204,69.5625,70.25,69.5625,70.15625,666,30190
810205,69.9375,69.9375,69.15625,69.3125,746,30106
810206,69.40625,69.40625,68.9375,69.15625,204,30064
810209,69.40625,69.71875,68.75,68.8125,1313,29496
810210,68.84375,68.90625,68.0625,68.09375,402,28705
810211,68.21875,68.25,67.4375,67.46875,420,28666
810212,67.40625,67.4375,65.53125,66.46875,2413,27580
810213,66.46875,66.875,66.21875,66.625,959,27332
810217,67.3125,68.3125,67.3125,68.125,1237,27084
810218,68.625,69.0625,68.03125,68.3125,622,27165
810219,68.625,69.21875,68.15625,69.03125,744,27028
810220,69.0625,69.71875,69.0625,69.34375,749,27271
810223,69,69.03125,68.03125,68.03125,427,27338
810224,68.3125,68.75,67.75,68.09375,487,27466
810225,67.875,68.28125,67.65625,67.65625,48,27418
810226,67.3125,67.40625,66.9375,67.3125,1258,27483
810227,67.625,67.9375,67.3125,67.4375,821,27778
810302,67.09375,67.25,66.59375,66.59375,458,27706
810303,66.5625,67.71875,66.5625,67.65625,723,28136
810304,67.9375,68.09375,67.5,67.5625,1157,27867
810305,67.65625,67.9375,67.5,67.90625,368,27725
810306,68.53125,68.875,68.375,68.75,1778,27092
810309,69.5625,69.65625,69,69,880,27348
810310,69.125,69.40625,68.59375,68.59375,662,27322
810311,68.625,68.75,68.28125,68.40625,418,27495
810312,68.4375,69.1875,68.4375,69.1875,542,27515
810313,69.75,69.96875,69.59375,69.96875,423,27624
810316,69.9375,70.4375,69.84375,69.90625,552,27666
810317,70,70.71875,69.8125,70.71875,325,27521
810318,70.9375,71.25,70.78125,70.90625,715,27987
810319,70.71875,70.75,70.125,70.25,473,28099
810320,70.03125,70.03125,69.625,69.8125,582,27773
810323,68.9375,68.96875,67.8125,67.8125,320,27687
810324,68.03125,68.21875,67.25,67.25,994,27618
810325,67.46875,68.03125,67.125,67.75,1380,27429
810326,67.5,67.6875,67,67,2903,25630
810327,66.78125,67.40625,66.75,66.90625,1707,25433
810330,67.3125,68,67.15625,67.84375,507,25403
810331,68.1875,68.25,68,68.0625,561,25090
810401,68.25,68.4375,68,68.03125,446,25059
810402,68.15625,68.15625,67.25,67.25,640,24970
810403,66.875,67.03125,66.375,66.875,1165,24968
810406,66.125,66.125,65.1875,65.375,1658,25041
810407,65.78125,66.71875,65.78125,66.71875,1541,25196
810408,67.15625,67.15625,65.84375,65.96875,437,25042
810409,65.8125,66.90625,65.78125,66.71875,987,25112
810410,66.5,66.71875,66.09375,66.15625,516,24661
810413,64.75,66,64.6875,65.875,2017,24465
810414,66.125,66.625,66.125,66.40625,1025,24323
810415,66.625,66.625,65.6875,65.75,948,24154
810416,65.5,66.1875,65.5,65.53125,1113,23986
810420,65.21875,66.65625,65.21875,66.625,2287,24096
810421,66.8125,66.84375,66.21875,66.21875,1219,24093
810422,66.375,66.5625,65.875,66,593,24054
810423,66.3125,66.375,65.8125,65.90625,625,23788
810424,66.0625,66.3125,65.625,65.625,474,23546
810427,66,66.09375,65.40625,65.40625,1854,23400
810428,65.40625,65.625,65.25,65.59375,1029,22795
810429,65.4375,65.5,64.90625,64.9375,2846,22136
810430,64.96875,65.03125,64.34375,64.46875,1917,22307
810501,64.46875,64.9375,64.4375,64.8125,2463,21577
810504,63.46875,63.875,63.25,63.3125,2518,21658
810505,63.125,63.15625,62.59375,63.125,4533,21901
810506,63.84375,64.09375,63.53125,63.5625,2374,21276
810507,63.4375,64.75,63.40625,64.75,2616,22548
810508,65.40625,65.40625,64.875,64.9375,1522,22686
810511,65.15625,65.28125,63.96875,63.96875,1385,22632
810512,63.90625,64.375,63.75,63.90625,637,22580
810513,64.03125,64.25,63.875,63.96875,823,22388
810514,63.9375,65.75,63.9375,65.28125,2059,23460
810515,65.375,65.84375,65.28125,65.46875,626,23489
810518,66.53125,67.28125,66.09375,66.6875,1151,23548
810519,66.3125,66.34375,65.5,65.9375,2287,23811
810520,65.59375,66.1875,65.3125,66.1875,1113,23904
810521,65.96875,65.96875,65.125,65.8125,561,23927
810522,66.375,66.71875,66.21875,66.625,1184,24184
810526,67.5,67.59375,67.0625,67.125,1328,23535
810527,67.3125,67.3125,66.75,67,487,23628
810528,67,67.78125,67,67.53125,1179,23590
810529,67.46875,67.59375,67.21875,67.46875,769,23439
810601,68.125,68.1875,67.25,67.5625,868,23563
810602,67.34375,67.65625,67,67.34375,1935,24151
810603,67.28125,67.8125,67.28125,67.8125,549,24294
810604,67.65625,68.03125,67.3125,68,1393,24636
810605,68.375,68.375,67.46875,67.53125,741,24432
810608,68.53125,68.6875,68.1875,68.59375,981,24548
810609,68.28125,68.4375,68.0625,68.25,567,24631
810610,68.6875,68.90625,68.53125,68.5625,760,24765
810611,68.375,68.71875,68.3125,68.59375,927,24693
810612,68.53125,68.78125,68.53125,68.625,1539,24401
810615,69.5625,69.90625,69.40625,69.4375,1700,24375
810616,69.25,69.6875,69.25,69.6875,491,24240
810617,69.59375,69.625,69,69,918,24386
810618,68.5625,68.59375,67.59375,67.78125,1399,24091
810619,68,68.40625,67.65625,68.25,723,23899
810622,68.46875,68.53125,68.09375,68.40625,1004,23816
810623,68.65625,68.65625,67.53125,67.59375,1774,24513
810624,67.6875,67.75,66.96875,67.15625,1372,24511
810625,66.9375,67.34375,66.71875,66.90625,1144,24693
810626,66.90625,67.1875,66.59375,66.8125,1374,24252
810629,67.0625,67.3125,66.9375,67,2491,24401
810630,67,67.09375,65.875,65.9375,1344,25991
810701,65.53125,65.6875,65.0625,65.375,872,26036
810702,65.1875,65.90625,65.0625,65.90625,636,26250
810706,65.71875,66.71875,65.71875,66.65625,420,26069
810707,66.59375,66.59375,65.4375,65.59375,951,26132
810708,65.75,65.875,64.9375,65.875,985,25966
810709,65.875,66.0625,65.125,65.4375,853,25807
810710,65.53125,66.5,65.53125,66.375,1049,26290
810713,66.25,66.5,65.96875,66.03125,652,26359
810714,65.84375,65.875,65.3125,65.34375,1254,26722
810715,65.78125,66.21875,65.59375,65.90625,787,27192
810716,65.375,65.875,65.375,65.5625,585,27105
810717,65.75,65.8125,65.5625,65.6875,594,27146
810720,64.4375,64.5,63.6875,63.78125,1084,27368
810721,63.71875,64.0625,63.59375,64.03125,1615,27489
810722,63.96875,64.40625,63.78125,63.8125,1350,27158
810723,63.8125,64.1875,63.8125,64.09375,1348,26938
810724,64.53125,64.8125,64.40625,64.8125,1529,26833
810727,65.65625,65.65625,64.15625,64.21875,1434,27010
810728,64.21875,64.21875,63.84375,64.09375,1140,27039
810729,64.25,64.4375,63.21875,63.34375,862,27178
810730,62.90625,63.28125,62.875,63.25,1322,27185
810731,63.46875,63.5,62.90625,63.03125,497,27441
810803,62.625,62.75,61.6875,61.875,2177,26815
810804,61.75,62.40625,61.75,62.375,1297,26615
810805,62.625,62.625,62,62.4375,1079,26497
810806,62.5625,63.0625,62.375,62.46875,982,26262
810807,63.09375,63.09375,62.4375,62.65625,709,26126
810810,63.1875,63.625,62.875,63.59375,827,26001
810811,63.75,64.9375,63.6875,64.53125,2130,25725
810812,64.375,64.5625,63.71875,63.8125,752,25383
810813,63.625,64.125,63.46875,63.65625,372,25362
810814,63.78125,63.78125,63.0625,63.0625,408,25279
810817,63.28125,63.75,63.28125,63.46875,818,25073
810818,63.1875,63.40625,62.96875,63.125,403,25003
810819,63.40625,63.71875,63.15625,63.21875,225,24966
810820,63.125,63.375,62.4375,62.65625,725,25034
810821,63.03125,63.03125,62.25,62.3125,863,24859
810824,62,62,60.375,60.46875,2177,24876
810825,60.0625,60.5625,59.84375,60.21875,877,24665
810826,60.625,60.96875,60.1875,60.1875,2633,24901
810827,60.1875,60.6875,60.09375,60.65625,1369,25080
810828,60.875,61.1875,60.65625,60.6875,1497,25445
810831,61.125,61.125,59.125,59.53125,1338,25535
810901,59.28125,59.9375,58.84375,59.90625,870,25338
810902,59.65625,60.15625,59.40625,59.90625,1016,25170
810903,60.125,60.125,59.125,59.125,1273,25125
810904,59.1875,59.40625,58.5625,59.09375,3408,24706
810908,59.28125,59.625,58.40625,58.5625,1449,24380
810909,58.59375,59.21875,58.34375,59.125,1468,24394
810910,59.53125,60.28125,59.5,59.75,2932,25123
810911,59.71875,60.6875,59.34375,60.6875,2824,25735
810914,60.3125,60.34375,59.40625,60,1707,26014
810915,60.46875,60.625,60.0625,60.28125,3473,26056
810916,60,60.6875,59.75,60.25,1495,25624
810917,60.625,61.21875,60.40625,61,2206,25284
810918,61.21875,61.34375,60.875,61.1875,2588,25672
810921,61.3125,62.125,61.25,61.71875,1998,25620
810922,61.25,61.4375,60.53125,60.59375,2103,25476
810923,60.5625,60.59375,59.625,59.625,2956,24765
810924,59.5,59.875,59.09375,59.15625,1579,24241
810925,59.03125,59.21875,57.1875,57.375,2817,23808
810928,56.59375,57.90625,56.25,57.90625,3775,22647
810929,58.03125,58.0625,56.875,56.90625,1559,22676
810930,56.5,57.4375,56.40625,57.09375,1520,22571
811001,56.9375,57.4375,56.6875,57.25,2149,22295
811002,57.78125,58.9375,57.71875,58.78125,1946,22529
811005,59.5,60.125,58.96875,59,2417,22597
811006,59.1875,59.4375,58.65625,59.15625,1470,22596
811007,59.6875,59.96875,59.09375,59.53125,1894,22740
811008,59.1875,59.8125,58.78125,59.625,1764,22838
811009,59.90625,60.8125,59.875,60.4375,2254,23202
811012,61.15625,61.28125,60.5625,60.96875,1724,23068
811013,60.90625,60.90625,59.75,59.78125,1475,23406
811014,59.5,59.84375,59.25,59.5,1240,24083
811015,59.78125,60,59.375,59.8125,1836,24364
811016,59.78125,60.03125,59.09375,59.21875,1733,24168
811019,59,59.59375,58.8125,59.53125,1105,24055
811020,59.40625,59.90625,58.625,58.75,1121,24288
811021,58.46875,58.5625,57.5625,57.625,2827,24477
811022,57.75,57.96875,57.40625,57.5625,1263,24316
811023,57.53125,58.21875,57.46875,58.1875,2068,24444
811026,57.53125,57.5625,56.375,56.59375,3364,24421
811027,56.75,57,56.46875,56.9375,1847,24543
811028,57.09375,57.375,56.75,57,3032,24672
811029,57.21875,58.46875,57.21875,58.3125,5629,26463
811030,58.71875,59.6875,58.4375,59.15625,3039,26856
811102,59.21875,60.25,58.9375,59.09375,2849,26515
811103,59.21875,60,59.0625,60,1463,26312
811104,59.8125,61.25,59.65625,61.15625,2981,26940
811105,61.15625,61.46875,60.59375,60.875,4322,26882
811106,60.375,61.8125,60.34375,61.53125,5174,27185
811109,62.3125,63.21875,62.3125,62.71875,5595,27201
811110,62.1875,62.96875,62.03125,62.75,3507,27167
811111,62.9375,64,62.875,63.96875,4583,26891
811112,64.4375,64.71875,63.78125,64.25,6877,28332
811113,63.71875,64.375,63.4375,64,3714,28358
811116,64.59375,65.28125,64.5,64.78125,4273,28642
811117,64.6875,64.6875,63.71875,64.09375,4678,28166
811118,64.21875,65.71875,63.8125,64.96875,5297,28244
811119,64.6875,65.46875,64.3125,64.53125,3627,28687
811120,65,65.125,64.25,64.71875,2639,28433
811123,64.71875,64.71875,63.03125,63.09375,6883,30335
811124,63.21875,65.09375,63.21875,65.0625,8762,30672
811125,65.0625,66.03125,65,65.90625,16350,33613
811127,66.125,66.59375,66,66.4375,6749,32204
811130,66.65625,66.75,65.4375,65.65625,4691,32410
811201,64.65625,65.25,64.0625,64.96875,6363,32138
811202,65.15625,65.28125,63.59375,63.78125,3901,31750
811203,63.75,64.5625,63.34375,64.4375,3540,31624
811204,66.15625,66.4375,65.4375,65.5,4814,32044
811207,65.0625,65.0625,63.59375,63.65625,6134,31509
811208,63.3125,64.34375,62.75,64,6859,31561
811209,63.9375,64.125,62.875,63.03125,6259,31174
811210,62.625,62.90625,61.875,62.25,8299,31278
811211,62.3125,62.8125,61.9375,62.28125,8278,32125
811214,61.78125,63.65625,61.625,63.5625,9282,31756
811215,63.78125,64.125,63.25,63.65625,5242,31406
811216,63.5,64.3125,63.3125,63.5,5218,31247
811217,63.40625,63.71875,62.8125,62.90625,6336,31391
811218,63.125,63.96875,62.90625,63.875,5937,31422
811221,63.34375,63.46875,62.46875,62.53125,4987,31979
811222,62.40625,62.5625,61.9375,62.0625,13322,36522
811223,61.625,61.75,61,61.09375,7745,36345
811224,61.25,62.125,61.25,61.5,3703,37130
811228,61.625,61.84375,61.4375,61.625,2919,37451
811229,61.8125,61.875,60.78125,60.875,5357,37635
811230,60.8125,61.375,60.625,61.0625,4976,36699
811231,61.65625,62.1875,61.5625,62.125,4551,37179
820104,62.5,62.5,60.875,60.9375,7142,37126
820105,59.875,60.125,58.96875,59.75,22206,35642
820106,60.1875,60.34375,58.75,58.90625,9377,35451
820107,58.71875,59.5,58.5,59.0625,8168,35543
820108,59.3125,60.09375,59.3125,59.6875,5083,35380
820111,59,59,58.28125,58.40625,5965,35641
820112,58.4375,59.25,58.25,59.1875,5828,35856
820113,59.21875,59.59375,58.15625,58.46875,7382,35162
820114,58.34375,59.1875,58.15625,59.0625,5228,34648
820115,59.375,59.5625,58.375,58.8125,5005,34568
820118,58.40625,59.4375,58.25,59.3125,5719,35624
820119,59.125,59.84375,58.78125,58.84375,6199,35045
820120,58.90625,59.21875,58.625,59.09375,5660,34813
820121,59.90625,60.125,59.09375,59.71875,7228,35084
820122,59.75,59.9375,59.34375,59.4375,5268,35512
820125,58.75,59.90625,58.5,59.84375,8459,34936
820126,59.90625,60.4375,59.59375,59.8125,9489,35157
820127,60.0625,60.40625,59.59375,59.78125,5769,35087
820128,59.4375,61,59.4375,60.9375,8844,35032
820129,60.96875,61.3125,60.71875,61.03125,7087,35455
820201,60,60,59.15625,59.1875,9755,35846
820202,59.03125,60,59.03125,59.53125,10271,35676
820203,59.65625,59.75,58.875,58.96875,8213,36097
820204,59.375,59.375,58.3125,58.75,9474,35996
820205,58.9375,59.1875,58.46875,59.15625,6628,36041
820208,58.875,58.875,57.59375,57.65625,11493,36944
820209,57.5625,57.8125,57.3125,57.46875,8073,36597
820210,57.46875,58.15625,57.46875,58.125,7566,38022
820211,58.09375,58.875,58,58.84375,8659,38048
820212,58.78125,58.8125,58.46875,58.53125,3891,38437
820216,57.75,59.625,57.59375,59.59375,12014,39301
820217,59.5625,59.96875,59.1875,59.65625,17372,37704
820218,59.9375,60.75,59.8125,60.5625,17723,38655
820219,60.71875,61.125,60.3125,60.75,14815,39907
820222,62,62.6875,62,62.375,24308,44180
820223,62.46875,62.46875,61.75,62.03125,30167,52565
820224,62.25,62.71875,61.59375,62.59375,31949,56902
820225,62.65625,62.8125,61.875,61.9375,58417,61243
820226,61.8125,62.15625,61.34375,61.4375,45086,62970
820301,62.1875,62.71875,61.96875,62.46875,47163,64960
820302,62.40625,63.375,62.25,63.25,65653,68767
820303,62.75,63.625,62.75,63.53125,53164,70924
820304,63.71875,63.875,63.34375,63.75,53434,71115
820305,63.96875,63.96875,63.34375,63.625,39567,70252
820308,64.09375,64.25,62.75,62.8125,67273,68472
820309,62.59375,63.28125,62.5,63.0625,60325,68428
820310,62.78125,63.4375,62.53125,62.65625,58054,67763
820311,62.625,62.625,61.84375,62.03125,57781,66598
820312,61.9375,62.21875,61.6875,62.03125,43342,65707
820315,62.09375,62.75,61.25,62.46875,64742,67335
820316,62.21875,62.71875,61.875,62.34375,57008,66617
820317,62.75,63.09375,62.53125,62.65625,44133,66932
820318,62.59375,63.25,62.5625,62.75,40218,65436
820319,62.5,62.65625,62.28125,62.40625,33899,65467
820322,62.96875,63.53125,62.84375,63.46875,47055,67337
820323,63.6875,63.875,63.3125,63.375,46176,67614
820324,63.53125,63.5625,62.5625,62.625,50359,67989
820325,62.8125,62.9375,62.375,62.71875,44400,67074
820326,62.65625,62.65625,61.625,61.84375,44312,64299
820329,61.375,61.5625,61.0625,61.21875,49923,64894
820330,61.40625,61.625,60.90625,60.96875,43826,64630
820331,60.78125,61.9375,60.6875,61.9375,56800,64471
820401,61.9375,62.21875,61.65625,62.09375,40386,63607
820402,61.75,62.21875,61.65625,61.8125,39694,63283
820405,62,62.375,61.25,61.3125,58741,64940
820406,61.4375,61.75,61.15625,61.53125,41124,60629
820407,61.65625,61.71875,61.25,61.4375,27467,60323
820408,61.34375,62.59375,61.28125,62.5625,38192,59994
820412,63.09375,63.5625,62.75,63.53125,52701,61730
820413,63.5625,63.84375,63.1875,63.34375,51241,64330
820414,63.15625,63.28125,62.78125,62.9375,39233,64004
820415,62.9375,63.5625,62.84375,63.4375,41173,66911
820416,63.40625,64.40625,63.40625,64.1875,45116,69054
820419,64.1875,64.75,63.6875,64.4375,76106,72399
820420,64.59375,64.71875,63.6875,63.875,78415,74103
820421,64.34375,64.84375,63.1875,63.6875,94495,75038
820422,63.6875,64.0625,63.375,64.0625,64017,74033
820423,64.625,64.625,63.75,64,61087,75324
820426,64.09375,64.40625,63.625,64.3125,51163,75322
820427,64.3125,64.46875,63.84375,63.90625,46921,74077
820428,63.75,63.90625,63.5,63.5625,45397,72832
820429,62.84375,63.34375,62.84375,63.3125,44162,72994
820430,63.375,63.5,63.15625,63.1875,30748,72096
820503,63.125,63.21875,62.71875,62.75,36908,71011
820504,62.5,63.40625,62.46875,63.3125,42640,72574
820505,63.34375,63.625,63.25,63.3125,47741,70352
820506,63.6875,64.625,63.6875,64.59375,61517,71733
820507,64.9375,65,64.46875,64.78125,59142,73940
820510,64.625,64.75,64.28125,64.53125,50444,72773
820511,64.34375,64.96875,64.28125,64.78125,51631,75983
820512,64.8125,65.15625,63.84375,64.09375,82461,73499
820513,64,64.15625,63.8125,63.96875,46303,72804
820514,64.0625,64.625,64,64.3125,38725,71188
820517,64.34375,64.5625,63.5,63.5625,68239,67004
820518,63.4375,64.09375,63.1875,63.96875,74663,64476
820519,63.84375,64,63.4375,63.46875,50253,62663
820520,63.75,64.5,63.71875,64.375,59287,63118
820521,64.34375,64.6875,64.1875,64.28125,47967,60086
820524,64.28125,64.5,64.0625,64.21875,44799,55357
820525,64.09375,64.25,63.875,64.15625,41955,50792
820526,64.34375,64.46875,63.59375,63.625,58322,37579
820527,63.5625,63.78125,63.09375,63.1875,35133,23794
820528,63.125,63.34375,62.78125,62.84375,15159,16979
820601,62.5625,62.5625,61.53125,61.59375,10523,14297
820602,61.84375,62,61.625,61.84375,9485,11476
820603,61.9375,62.15625,61.3125,61.625,4691,9878
820604,61.59375,61.59375,61.09375,61.28125,3367,9018
820607,61.40625,61.84375,60.96875,61.5625,2401,8472
820608,61.40625,61.65625,61.25,61.3125,1454,7776
820609,61.3125,61.78125,61.125,61.71875,2874,6473
820610,61.53125,61.65625,61.34375,61.375,1486,5494
820611,61.8125,62.15625,61.8125,61.96875,943,5159
820614,61.3125,61.375,60.5625,60.625,840,4822
820615,60.4375,60.875,60.4375,60.75,710,4279
820616,60.75,60.8125,60.40625,60.53125,767,3996
820617,60,60.0625,59.53125,59.875,688,3708
820618,59.84375,60,59.25,59.3125,747,3472
820621,59.1875,59.75,59.03125,59.75,2664,1462
