810326,68.09375,68.09375,67.5625,67.5625,82,398
810327,67.1875,67.90625,67.1875,67.5,39,405
810330,68.15625,68.5625,68.15625,68.40625,287,565
810331,68.625,68.75,68.5625,68.625,47,601
810401,68.78125,68.78125,68.59375,68.59375,12,603
810402,68.46875,68.46875,67.8125,67.875,49,609
810403,67.34375,67.65625,67.1875,67.65625,2,613
810406,67.03125,67.03125,66.1875,66.53125,131,688
810407,66.9375,67.6875,66.9375,67.6875,291,881
810408,67.5625,67.5625,66.96875,66.96875,30,878
810409,67.03125,67.75,66.78125,67.75,87,928
810410,67.59375,67.59375,67.3125,67.375,222,1128
810413,66,67.09375,66,67.09375,460,1471
810414,67.40625,67.65625,67.375,67.625,118,1552
810415,67.875,67.875,67.125,67.15625,102,1575
810416,67.03125,67.34375,66.90625,66.90625,250,1643
810420,66.9375,68.03125,66.9375,68.03125,861,2254
810421,67.96875,68.09375,67.71875,67.71875,219,2328
810422,67.90625,67.90625,67.5,67.5,79,2404
810423,67.8125,67.875,67.34375,67.40625,1054,3169
810424,67.75,67.75,67.125,67.15625,265,3373
810427,67.46875,67.46875,66.9375,66.9375,183,3477
810428,66.875,67.125,66.875,67.125,731,4004
810429,67,67.15625,66.6875,66.71875,620,4448
810430,66.875,66.875,66.25,66.375,809,5102
810501,66.46875,66.78125,66.34375,66.6875,1098,5516
810504,65.6875,65.78125,65.25,65.4375,1584,6422
810505,64.96875,65.28125,64.9375,65.28125,2324,7421
810506,65.96875,65.96875,65.59375,65.75,430,7558
810507,66.0625,66.96875,66.0625,66.71875,1519,8093
810508,67,67,66.96875,67,325,8040
810511,67.34375,67.34375,66,66,9,8046
810512,66,66.28125,65.9375,65.9375,275,8184
810513,66.125,66.21875,65.9375,66,270,8309
810514,65.96875,67.15625,65.96875,67.15625,629,8765
810515,67.125,67.625,67.125,67.3125,106,8859
810518,68.25,68.375,68.09375,68.21875,119,8868
810519,67.8125,67.8125,67.15625,67.5625,99,8864
810520,67.25,67.84375,67.21875,67.84375,53,8912
810521,67.5625,67.625,67.125,67.625,125,8892
810522,68.09375,68.3125,68.09375,68.28125,172,9041
810526,68.875,69,68.65625,68.65625,268,9189
810527,68.75,68.75,68.3125,68.5625,108,9174
810528,69,69.34375,68.90625,68.90625,233,9250
810529,68.65625,68.90625,68.5625,68.8125,188,9250
810601,69.125,69.25,68.78125,68.84375,226,9452
810602,68.625,68.8125,68.5,68.6875,40,9435
810603,68.8125,69.15625,68.75,69.15625,103,9450
810604,69,69.34375,68.875,69.34375,377,9619
810605,69.3125,69.3125,68.8125,69.03125,313,9898
810608,69.90625,70.0625,69.65625,69.84375,256,9975
810609,69.65625,69.65625,69.5,69.5,121,10023
810610,69.96875,70.03125,69.625,69.71875,332,10123
810611,69.53125,69.75,69.53125,69.75,358,10234
810612,69.65625,69.875,69.65625,69.875,198,10281
810615,70.8125,70.8125,70.46875,70.46875,296,10178
810616,70.375,70.8125,70.375,70.78125,254,10294
810617,70.5625,70.59375,70.1875,70.1875,517,10446
810618,69.71875,69.71875,68.9375,69.03125,827,10667
810619,69.0625,69.5625,69.0625,69.5625,436,10865
810622,69.53125,69.71875,69.53125,69.65625,172,10927
810623,69.71875,69.71875,68.90625,69.53125,114,10986
810624,69.09375,69.09375,69,69.09375,190,11054
810625,68.1875,68.53125,68.15625,68.21875,120,11159
810626,68.125,68.5625,68.03125,68.125,2139,12373
810629,68.5625,68.5625,68.15625,68.15625,1971,13245
810630,67.90625,68.15625,67.125,67.15625,4068,14506
810701,66.6875,66.71875,66.40625,66.6875,3480,15206
810702,66.8125,67.1875,66.78125,67.1875,1040,15433
810706,67,67.96875,67,67.96875,1467,15441
810707,67.625,67.625,67.03125,67.0625,65,15496
810708,66.9375,67.5,66.78125,67.5,386,15484
810709,67.1875,67.5,67,67.09375,169,15560
810710,67.59375,67.8125,67.46875,67.8125,5060,20482
810713,67.5625,67.84375,67.53125,67.53125,18,20466
810714,67.125,67.375,67.125,67.15625,8,20460
810715,67.65625,67.875,67.65625,67.6875,373,20821
810716,67.53125,67.65625,67.34375,67.34375,989,21166
810717,67.46875,67.53125,67.4375,67.46875,525,21211
810720,66.46875,66.46875,65.71875,65.78125,885,21574
810721,65.84375,66.25,65.8125,66.25,521,21653
810722,66.09375,66.46875,66.0625,66.0625,139,21773
810723,66.21875,66.375,66.125,66.34375,306,21863
810724,66.6875,66.875,66.65625,66.875,144,21840
810727,67.375,67.375,66.3125,66.46875,25,21852
810728,66.4375,66.4375,66.28125,66.34375,531,22047
810729,66.53125,66.59375,65.5625,65.5625,453,22018
810730,65.25,65.375,65.25,65.28125,574,22590
810731,65.375,65.4375,65.03125,65.03125,192,22484
810803,64.53125,64.53125,64,64.0625,906,22384
810804,64,64.5625,64,64.5625,509,22627
810805,64.40625,64.625,64.40625,64.59375,644,22062
810806,64.53125,64.9375,64.53125,64.625,498,21640
810807,64.90625,64.90625,64.6875,64.84375,306,21400
810810,65.125,65.6875,65.125,65.6875,182,21331
810811,65.9375,66.625,65.9375,66.5,717,20852
810812,66.1875,66.3125,65.84375,65.84375,46,20827
810813,65.71875,66.09375,65.625,65.65625,67,20762
810814,65.53125,65.65625,65.0625,65.0625,531,20691
810817,65.5625,65.6875,65.40625,65.46875,111,20611
810818,65.3125,65.34375,65.15625,65.15625,48,20580
810819,65.53125,65.53125,65.25,65.25,103,20506
810820,65.25,65.28125,64.65625,64.6875,80,20506
810821,64.46875,64.5625,64.28125,64.28125,11,20499
810824,63.4375,63.4375,62.53125,62.53125,454,20422
810825,62.28125,62.53125,62.03125,62.28125,348,20281
810826,62.84375,62.90625,62.21875,62.21875,2871,19595
810827,62.25,62.875,62.25,62.875,612,19065
810828,63.0625,63.1875,62.71875,62.71875,1199,18003
810831,62.9375,62.9375,61.625,61.6875,569,18300
810901,61.53125,62.0625,61.4375,62.0625,469,18227
810902,61.78125,62.0625,61.65625,62.0625,184,18166
810903,62.28125,62.28125,61.09375,61.09375,315,17916
810904,61.03125,61.1875,61,61.0625,565,17991
810908,61.09375,61.40625,60.5625,60.5625,605,18165
810909,60.5,61.25,60.46875,61.09375,399,17766
810910,61.5,62.03125,61.5,61.53125,467,17369
810911,61.5,62.46875,61.40625,62.46875,155,17386
810914,61.46875,61.90625,61.46875,61.46875,592,16960
810915,62.1875,62.1875,61.78125,61.875,58,16916
810916,61.625,62.03125,61.625,61.90625,339,16731
810917,62.46875,62.5625,62.46875,62.5625,195,16611
810918,62.53125,62.90625,62.53125,62.84375,75,16599
810921,63,63.5625,63,63.375,152,16550
810922,62.96875,63.0625,62.5625,62.5625,191,16445
810923,62.4375,62.4375,61.59375,61.59375,677,16195
810924,61.34375,61.71875,61.03125,61.3125,469,15906
810925,61,61,59.53125,59.53125,1304,15391
810928,58.96875,59.875,58.9375,59.875,223,15485
810929,59.5625,59.5625,59.03125,59.0625,98,15516
810930,58.78125,59.375,58.75,59.25,1029,15434
811001,59.25,59.53125,59.15625,59.40625,553,15081
811002,60,60.875,60,60.875,1150,14421
811005,61.65625,62.03125,60.90625,60.90625,235,14402
811006,60.90625,61.0625,60.65625,61.0625,444,14154
811007,61.53125,61.53125,61.09375,61.4375,945,13851
811008,61.125,61.53125,60.875,61.53125,59,13832
811009,62.21875,62.40625,62.1875,62.1875,786,13576
811012,62.8125,62.84375,62.4375,62.6875,168,13597
811013,62.40625,62.40625,61.5625,61.5625,368,13547
811014,61.375,61.5,61.15625,61.25,158,13397
811015,61.5625,61.625,61.28125,61.5625,53,13387
811016,61.25,61.28125,61.0625,61.0625,89,13310
811019,60.75,61.375,60.75,61.375,7,13311
811020,61.5625,61.5625,60.6875,60.6875,55,13311
811021,60.125,60.15625,59.5625,59.5625,1155,13655
811022,59.71875,59.71875,59.375,59.5,14,13647
811023,59.59375,60,59.59375,60,2195,14597
811026,59.3125,59.3125,58.3125,58.40625,201,14533
811027,58.53125,58.71875,58.40625,58.71875,37,14538
811028,58.9375,59.03125,58.6875,58.6875,409,14218
811029,59.6875,59.78125,59.5625,59.78125,786,14275
811030,60.46875,60.5625,60.03125,60.03125,388,14366
811102,59.875,60.9375,59.875,60.15625,349,14488
811103,60.25,61.03125,60.25,61.03125,84,14264
811104,61.3125,62.1875,61.15625,62.1875,273,14107
811105,62.1875,62.25,61.9375,61.9375,105,14078
811106,61.84375,62.75,61.84375,62.53125,568,13906
811109,63.53125,63.6875,63.375,63.375,1060,13652
811110,62.96875,63.40625,62.96875,63.40625,64,13664
811111,63.71875,64.625,63.71875,64.625,848,13010
811112,64.84375,65.125,64.78125,64.8125,779,13157
811113,64.5,64.5625,64.28125,64.5625,451,12824
811116,65.625,65.625,65.15625,65.15625,830,12818
811117,64.625,64.625,64.3125,64.625,489,12752
811118,64.65625,65.78125,64.5625,65.3125,190,12699
811119,65.125,65.6875,64.71875,64.71875,3930,12935
811120,64.96875,65.0625,64.625,64.9375,115,12799
811123,64.46875,64.46875,63.34375,63.34375,219,9898
811124,63.6875,65.09375,63.6875,65.0625,210,9698
811125,65.4375,65.875,65.375,65.875,749,9626
811127,66.15625,66.46875,66.15625,66.4375,318,9599
811130,66.21875,66.21875,65.65625,65.8125,127,9594
811201,65.03125,65.3125,64.84375,65.3125,149,9655
811202,64.875,65.03125,64.21875,64.3125,1899,10362
811203,64.34375,64.9375,64.0625,64.9375,754,9617
811204,66.09375,66.125,65.65625,65.65625,439,9910
811207,64.0625,64.28125,64.03125,64.03125,1131,9590
811208,64.03125,64.65625,64.03125,64.34375,694,9621
811209,64.125,64.21875,63.40625,63.40625,629,9786
811210,63.09375,63.1875,62.8125,62.8125,830,9998
811211,62.8125,63.28125,62.8125,63.0625,388,10034
811214,63.5,64.375,63.5,64.375,295,10100
811215,64.6875,64.6875,64.59375,64.59375,202,9922
811216,64.71875,64.71875,64.46875,64.5625,236,9853
811217,64.6875,64.6875,64.0625,64.0625,1440,10612
811218,64.3125,64.9375,64.3125,64.9375,374,10410
811221,64.28125,64.28125,63.90625,63.90625,215,10374
811222,63.625,63.9375,63.59375,63.59375,148,10342
811223,63.15625,63.40625,62.875,62.875,396,10397
811224,63,63.3125,62.90625,62.90625,30,10370
811228,62.90625,63.25,62.90625,63.09375,546,10122
811229,63.03125,63.03125,62.46875,62.46875,225,10091
811230,62.25,62.65625,62.25,62.5,1426,10226
811231,63,63.4375,63,63.4375,776,9984
820104,62.75,62.75,62.3125,62.3125,217,9905
820105,61.125,61.15625,60.6875,61.15625,174,9925
820106,61.4375,61.4375,60.3125,60.3125,377,9656
820107,60.53125,60.6875,60.375,60.40625,463,9466
820108,61.09375,61.125,60.90625,60.90625,48,9435
820111,60.15625,60.15625,59.9375,59.9375,11,9436
820112,60.28125,60.5625,60.28125,60.5625,387,9290
820113,60.625,60.78125,59.875,60,444,9191
820114,60.03125,60.59375,59.9375,60.59375,32,9198
820115,60.90625,60.90625,60.3125,60.40625,13,9200
820118,60.28125,61.03125,60.28125,60.9375,562,9108
820119,61.125,61.125,60.625,60.625,864,9065
820120,60.96875,60.96875,60.5625,60.96875,210,8944
820121,61.5625,61.78125,61.21875,61.6875,5074,13311
820122,61.5625,61.78125,61.5625,61.5625,1087,13259
820125,60.78125,62.125,60.78125,62.125,109,13159
820126,62,62.25,61.8125,61.8125,26,13170
820127,62,62,61.71875,61.75,377,12991
820128,61.75,62.71875,61.75,62.71875,161,12920
820129,63,63,62.8125,62.90625,11,12909
820201,62.0625,62.0625,61.5,61.5,225,12847
820202,61.75,61.8125,61.6875,61.6875,93,12790
820203,61.53125,61.53125,61.15625,61.15625,7,12794
820204,61.25,61.25,60.78125,60.78125,83,12788
820205,60.59375,61.0625,60.5,61.0625,14,12796
820208,60,60,59.71875,59.71875,0,12796
820209,59.71875,59.71875,59.4375,59.4375,68,12759
820210,59.75,60.0625,59.75,60.0625,98,12758
820211,60.1875,60.84375,60.1875,60.84375,56,12763
820212,60.625,60.625,60.53125,60.53125,13,12756
820216,60,61.75,60,61.75,64,12765
820217,61.875,61.9375,61.75,61.8125,23,12748
820218,62,62.53125,62,62.4375,75,12715
820219,62.53125,62.71875,62.53125,62.71875,218,12653
820222,63.8125,64.15625,63.8125,64,164,12557
820223,63.5625,63.75,63.5625,63.65625,224,12506
820224,63.40625,64.21875,63.34375,64.21875,52,12513
820225,64.09375,64.09375,63.65625,63.6875,100,12413
820226,63.4375,63.90625,63.28125,63.3125,340,12320
820301,64.125,64.3125,63.90625,64.15625,18,12322
820302,64.53125,64.96875,64.53125,64.9375,184,12323
820303,64.78125,65.21875,64.78125,65.21875,12,12325
820304,65.125,65.4375,65.125,65.28125,112,12214
820305,65,65.1875,65,65.125,310,12464
820308,65.34375,65.34375,64.125,64.125,40,12476
820309,64.3125,64.5625,64.21875,64.5625,63,12413
820310,64.40625,64.8125,64.1875,64.1875,3,12410
820311,63.90625,63.90625,63.75,63.75,4,12408
820312,63.8125,63.90625,63.5625,63.90625,43,12399
820315,63.875,64.34375,63.25,64.34375,51,12412
820316,63.96875,64.46875,63.96875,64.21875,198,12418
820317,64.65625,64.8125,64.46875,64.46875,62,12356
820318,64.78125,64.8125,64.625,64.625,5,12351
820319,64.375,64.46875,64.34375,64.46875,218,12133
820322,65.0625,65.28125,65.03125,65.28125,262,12131
820323,65.46875,65.5625,65.0625,65.125,219,12256
820324,64.96875,65.03125,64.4375,64.4375,43,12271
820325,64.46875,64.625,64.25,64.53125,271,12288
820326,64.375,64.375,63.875,63.875,16,12294
820329,63.28125,63.5,63.28125,63.28125,458,12372
820330,63.59375,63.59375,63,63.0625,9,12376
820331,63.28125,63.90625,63.25,63.90625,623,12652
820401,63.875,64.09375,63.75,64.03125,169,12660
820402,63.71875,64.03125,63.71875,63.75,55,12605
820405,63.84375,64.09375,63.25,63.25,34,12571
820406,63.34375,63.375,63.1875,63.375,77,12494
820407,63.4375,63.4375,63.3125,63.4375,71,12423
820408,63.53125,64.5,63.53125,64.5,70,12411
820412,64.96875,65.3125,64.71875,65.3125,131,12411
820413,65.375,65.375,65.15625,65.15625,139,12424
820414,65.03125,65.03125,64.78125,64.78125,34,12422
820415,64.84375,65.34375,64.84375,65.3125,521,12460
820416,65.3125,65.9375,65.3125,65.9375,464,12332
820419,66,66.40625,65.46875,66.21875,2801,12582
820420,66.5,66.5,65.6875,65.71875,1068,12214
820421,66.40625,66.40625,65.15625,65.4375,46,12230
820422,65.34375,65.75,65.34375,65.75,24,9739
820423,66,66,65.59375,65.625,112,9763
820426,65.59375,65.9375,65.46875,65.9375,33,9772
820427,65.90625,65.9375,65.53125,65.53125,209,9705
820428,65.28125,65.4375,65.28125,65.28125,19,9695
820429,65.03125,65.03125,64.84375,65.03125,35,9665
820430,65.03125,65.03125,64.84375,64.84375,36,9675
820503,64.84375,64.84375,64.46875,64.46875,24,9651
820504,64.3125,65.0625,64.3125,65.03125,35,9616
820505,65.0625,65.21875,65.03125,65.03125,100,9582
820506,65.625,66.125,65.59375,66.125,362,9592
820507,66.4375,66.4375,66.1875,66.1875,87,9617
820510,65.875,66.125,65.875,65.90625,101,9594
820511,65.84375,66.28125,65.84375,66.125,433,9483
820512,66.34375,66.34375,65.53125,65.53125,901,9470
820513,65.53125,65.6875,65.46875,65.5625,250,9274
820514,65.65625,65.90625,65.65625,65.8125,108,9219
820517,65.84375,65.9375,65.0625,65.0625,77,9241
820518,65.125,65.46875,65,65.46875,11,9248
820519,65.375,65.375,64.96875,64.96875,56,9250
820520,65.28125,65.71875,65.28125,65.71875,343,9455
820521,65.71875,65.71875,65.59375,65.59375,105,9421
820524,65.53125,65.65625,65.5,65.59375,253,9566
820525,65.4375,65.5625,65.40625,65.5625,82,9615
820526,65.8125,65.8125,65.03125,65.03125,299,10029
820527,65.0625,65.0625,64.59375,64.59375,314,10029
820528,64.53125,64.625,64.09375,64.09375,346,9705
820601,63.6875,63.75,62.9375,62.96875,24,9703
820602,63.28125,63.28125,63.09375,63.1875,106,9703
820603,63.3125,63.40625,62.875,62.9375,93,9634
820604,62.8125,62.8125,62.5625,62.65625,213,9737
820607,62.59375,62.96875,62.5625,62.9375,44,9732
820608,62.9375,62.9375,62.59375,62.6875,658,9551
820609,62.5,62.9375,62.46875,62.9375,56,9570
820610,62.65625,62.84375,62.65625,62.65625,354,9487
820611,63.1875,63.4375,63.1875,63.21875,196,9550
820614,62.53125,62.53125,62.125,62.15625,258,9448
820615,62,62.375,62,62.34375,214,9327
820616,62.34375,62.40625,62.0625,62.0625,90,9346
820617,61.625,61.6875,61.21875,61.5,454,9209
820618,61.625,61.625,60.96875,60.96875,86,9173
820621,60.8125,61.21875,60.78125,61.0625,71,9164
820622,61.0625,61.4375,60.84375,60.90625,240,9192
820623,60.59375,60.84375,60.34375,60.78125,457,9090
820624,60.84375,61.125,60.46875,60.78125,220,9066
820625,60.78125,60.9375,60.78125,60.84375,154,9089
820628,60.90625,61.1875,60.71875,61.1875,121,9149
820629,61.3125,61.53125,61.125,61.53125,155,9113
820630,62,62.09375,61.90625,62.09375,399,9241
820701,62.125,62.375,62.03125,62.125,214,9234
820702,61.875,61.875,61.5625,61.5625,69,9237
820706,61.9375,61.9375,61.5625,61.65625,238,9138
820707,61.375,61.96875,61.375,61.96875,89,9170
820708,62.125,62.84375,62.125,62.71875,316,9142
820709,63.1875,63.25,62.96875,63.25,248,9145
820712,63.96875,64.0625,63.65625,63.75,360,9198
820713,63.46875,63.46875,63.0625,63.15625,51,9200
820714,63.25,63.25,62.875,62.9375,164,9295
820715,63.21875,63.4375,63.21875,63.25,47,9281
820716,63.40625,64.25,63.375,64.21875,142,9253
820719,64.34375,64.5625,64.25,64.25,212,9205
820720,64.65625,64.75,64.34375,64.65625,780,9651
820721,64.78125,64.78125,64.34375,64.34375,297,9704
820722,64.1875,64.875,64.125,64.65625,506,9777
820723,64.875,64.875,64.4375,64.4375,257,9849
820726,64.03125,64.03125,63.4375,63.4375,127,9917
820727,63.1875,63.71875,63.1875,63.4375,148,9947
820728,63.25,63.40625,62.84375,62.9375,391,10089
820729,63.15625,63.53125,63.125,63.40625,91,10063
820730,63.65625,63.78125,63.625,63.65625,163,10133
820802,64.09375,64.75,64.09375,64.71875,816,10324
820803,64.6875,64.78125,64.3125,64.3125,367,10427
820804,64.3125,64.34375,64.03125,64.3125,279,10366
820805,64.21875,64.34375,63.875,64.34375,158,10385
820806,63.96875,63.96875,63.4375,63.46875,263,10378
820809,63.0625,64.03125,63.0625,63.9375,611,10454
820810,63.875,64.25,63.78125,64,312,10476
820811,64.0625,64.09375,63.8125,63.8125,151,10490
820812,63.9375,64.71875,63.9375,64.65625,1040,11043
820813,64.78125,65.4375,64.78125,65.34375,1786,11565
820816,65.90625,66.71875,65.875,65.875,1530,11729
820817,66.09375,67.65625,66.09375,67.65625,1400,12373
820818,69.09375,69.65625,68.34375,68.5625,4423,13592
820819,68.6875,68.9375,67.875,68.34375,1494,13966
820820,69.25,69.34375,68.8125,68.875,1276,14152
820823,68.125,68.5,68.125,68.3125,1051,14701
820824,68.34375,69.25,68.28125,69.15625,457,15151
820825,68.96875,69.25,68.59375,68.59375,136,15173
820826,68.5625,69.5,67.90625,67.90625,2542,14379
820827,67.59375,67.6875,66.9375,67,1890,13669
820830,67.03125,67.4375,66.65625,67.34375,1435,13299
820831,67.0625,67.59375,67.0625,67.25,297,13242
820901,67.34375,67.90625,67.34375,67.625,294,13199
820902,67.8125,68.28125,67.3125,68.28125,488,13129
820903,68.28125,69.53125,68.28125,68.6875,1153,13298
820907,69.0625,69.3125,68.59375,68.75,318,13121
820908,68.59375,69.125,68.59375,69.0625,258,13128
820909,69.125,69.15625,68.625,68.65625,1498,13954
820910,68.3125,68.3125,67.3125,67.34375,306,13982
820913,67,68.28125,67,68.25,315,13822
820914,68.375,68.71875,68,68.3125,579,13692
820915,68.6875,68.96875,67.78125,68.28125,1287,13376
820916,68.375,68.53125,67.90625,68.25,557,13212
820917,68.4375,68.875,68.375,68.8125,395,13279
820920,68.53125,69.3125,68.21875,69.0625,1120,13256
820921,69.15625,70.625,69.15625,70.53125,2724,14000
820922,70.75,71.15625,70.28125,70.3125,2830,14530
820923,70.28125,70.875,70.15625,70.46875,1853,14600
820924,70.25,70.3125,69.8125,70.1875,602,14619
820927,70.15625,70.4375,70.09375,70.25,305,14732
820928,70.71875,70.8125,70.5625,70.625,1869,15402
820929,70.71875,70.8125,70.40625,70.40625,1556,14593
820930,70.125,70.90625,70.125,70.65625,1502,14577
821001,70.78125,71.59375,70.78125,71.4375,1288,14747
821004,70.6875,70.6875,70.125,70.15625,8679,20496
821005,70.34375,70.53125,70.15625,70.46875,679,20673
821006,70.6875,71.375,70.6875,71.28125,1748,20640
821007,72.375,73.28125,72.375,73.28125,5176,20220
821008,73.5,74.75,73.28125,73.96875,3656,18749
821011,75.4375,76.96875,74,76.96875,1863,18885
821012,76.9375,77.15625,76.15625,76.15625,3868,18664
821013,75.5625,76.90625,75.28125,76.90625,3228,19772
821014,76.84375,77,75.90625,75.90625,2286,19207
821015,76,76,74.9375,75.15625,642,19229
821018,75.53125,76.15625,75.46875,76.09375,813,18466
821019,77.03125,77.03125,76.0625,76.34375,932,18541
821020,76.15625,76.21875,75.5625,75.90625,746,18917
821021,76.3125,76.3125,75.4375,75.90625,1063,18888
821022,75.75,75.75,75.03125,75.0625,1078,19212
821025,74,74.21875,73.5625,73.5625,1761,18971
821026,73.8125,74.375,73.5,74.15625,1474,18765
821027,74.25,74.40625,73.625,73.71875,1186,18751
821028,74,74.40625,73.9375,74.3125,350,18672
821029,74.84375,75.34375,74.75,75.28125,1005,18342
821101,75.40625,76.375,75.40625,76.3125,2281,18151
821103,76.40625,77.6875,76.40625,77.03125,2247,17990
821104,77.09375,77.6875,76.6875,77.625,1144,18057
821105,77.46875,77.59375,76.90625,77.125,1678,18237
821108,76.875,77.03125,76.53125,76.6875,3140,18447
821109,76.8125,76.9375,76.625,76.625,2386,18839
821110,77,77.15625,76.71875,76.71875,1742,18902
821111,76.5,76.5,75.9375,76,2838,18750
821112,76,76.53125,76,76.34375,3982,21629
821115,76.03125,76.0625,75.71875,75.9375,1609,21711
821116,75.5,75.59375,75.25,75.25,3238,19370
821117,75.75,76.28125,75.6875,75.875,200,19312
821118,75.78125,76.96875,75.78125,76.875,386,19352
821119,77.375,77.375,76.96875,77.03125,263,19326
821122,77.0625,77.28125,76.3125,76.34375,2138,19254
821123,76.09375,76.46875,75.90625,75.90625,317,19230
821124,75.96875,76.21875,75.625,75.625,496,19272
821126,75.46875,75.875,75.28125,75.40625,4265,22060
821129,75.3125,75.4375,73.8125,73.84375,2073,21972
821130,73.9375,74.5,73.71875,74.0625,2489,22185
821201,74.40625,74.53125,73.75,74.125,812,22148
821202,74.25,74.46875,74.125,74.1875,1408,21319
821203,75,75.65625,74.46875,75.375,1310,21420
821206,75.40625,75.78125,75.28125,75.5,511,21145
821207,75.84375,75.96875,75.15625,75.28125,1493,21244
821208,75.125,75.15625,74.3125,74.46875,346,21265
821209,74.34375,74.6875,74.25,74.6875,398,21307
821210,74.46875,74.5625,73.625,73.65625,484,21301
821213,73.75,74.375,73.625,74.09375,2313,21732
821214,75.4375,75.53125,74.625,74.78125,2612,21956
821215,74.4375,74.625,74.1875,74.34375,4925,26587
821216,74.28125,74.375,73.5625,73.5625,1568,26201
821217,73.5,73.84375,73,73.625,4048,26951
821220,73.1875,73.40625,73,73.09375,795,26987
821221,73.25,74.46875,73.25,74.4375,1413,27296
821222,74.53125,74.78125,73.96875,74.09375,1660,27591
821223,74.15625,74.6875,74.09375,74.5625,214,27393
821227,74.9375,75.3125,74.875,75.3125,7339,27253
821228,75,75.53125,75,75.25,878,26984
821229,75.40625,75.40625,74.875,74.9375,1186,27021
821230,74.9375,75.125,74.6875,75,825,27256
830103,75.28125,76.03125,75.28125,75.96875,1320,26914
830104,75.71875,76.03125,75.34375,75.625,2191,26137
830105,75.9375,75.9375,75.3125,75.34375,5156,22350
830106,75.1875,75.53125,75.09375,75.25,816,22176
830107,75.28125,75.6875,75.125,75.15625,410,21821
830110,75.03125,75.0625,74.8125,74.96875,312,21765
830111,75.1875,75.46875,75.15625,75.1875,1163,21507
830112,74.96875,75.40625,74.96875,75.375,428,21539
830113,75.59375,75.78125,75.34375,75.34375,279,21483
830114,75.46875,75.6875,75.125,75.125,325,21416
830117,75.03125,75.3125,75,75.1875,296,21374
830118,75.125,75.125,74.71875,74.84375,773,20769
830119,74.65625,74.65625,73.75,73.8125,627,20713
830120,73.75,74.0625,73.75,74,361,20717
830121,74.0625,74.0625,73.125,73.15625,1849,20735
830124,72.5625,72.90625,72.375,72.53125,1149,20991
830125,72.65625,73,72.65625,72.875,368,20972
830126,73,73,71.9375,72.15625,378,21047
830127,72.46875,72.65625,72.125,72.625,555,21187
830128,72.71875,72.8125,72.21875,72.28125,309,21364
830131,72.0625,72.0625,71.625,71.75,391,21546
830201,71.6875,72.1875,71.65625,71.78125,976,21033
830202,71.4375,72.125,71.1875,72.125,374,21024
830203,72.15625,72.4375,71.625,71.6875,86,21036
830204,71.3125,71.46875,71.125,71.1875,688,20348
830207,71.34375,71.65625,71.34375,71.4375,1529,18819
830208,71.5,71.75,71.21875,71.25,455,18570
830209,71.125,71.34375,71,71.25,198,18626
830210,71.4375,72.4375,71.4375,72.3125,556,18775
830211,72.6875,73.25,72.4375,72.46875,2850,17439
830214,72.28125,72.75,72.28125,72.6875,705,16817
830215,72.875,72.96875,72.25,72.28125,631,16519
830216,72.125,73,72.125,72.5,3364,14870
830217,72.6875,73.15625,72.5625,73.15625,1974,13898
830218,73.3125,73.875,73.3125,73.84375,4579,12655
830222,74.3125,74.90625,74.3125,74.8125,2595,12523
830223,74.71875,75.25,74.5,74.5,1736,12618
830224,74.71875,75,74.53125,74.84375,365,12352
830225,75.59375,76.0625,75.53125,75.8125,710,12414
830228,76,76.125,75.5625,75.59375,3047,10336
830301,75.625,76.5625,75.5625,76.40625,489,10089
830302,76.5625,76.625,75.875,76.125,1397,9207
830303,76.5,77.125,76.3125,76.53125,3348,9629
830304,76.59375,76.75,76.15625,76.34375,430,9622
830307,75.9375,76.0625,75.25,75.34375,470,9611
830308,75.40625,75.46875,74.625,74.65625,1621,10090
830309,74.75,74.96875,74.4375,74.71875,571,10155
830310,74.84375,74.9375,74.25,74.3125,382,10197
830311,74.21875,74.5625,73.90625,73.96875,1906,9636
830314,74.09375,74.59375,74.03125,74.53125,746,9277
830315,74.5,75.0625,74.5,74.96875,1391,9036
830316,74.65625,75.09375,74.5,74.53125,2301,10116
830317,74.3125,74.65625,74.28125,74.40625,650,10250
830318,74.5,74.625,74.28125,74.625,1133,10975
830321,74.28125,74.8125,74.25,74.6875,455,10978
830322,74.59375,74.6875,74.28125,74.5625,2227,12160
830323,74.75,75.59375,74.6875,75.53125,927,12278
830324,75.75,75.90625,75.375,75.5,2687,11751
830325,75.71875,75.75,74.75,74.875,1054,12048
830328,74.8125,75.0625,74.71875,74.9375,605,12227
830329,75.03125,75.40625,75,75.3125,689,12019
830330,75.5,75.625,75.25,75.3125,3634,14153
830331,75.15625,75.34375,75,75.03125,1610,15210
830404,75.09375,75.375,75.0625,75.28125,530,15094
830405,75.53125,76.21875,75.46875,76.21875,837,15237
830406,76.46875,76.5625,76.125,76.28125,473,15112
830407,76.34375,76.375,76.09375,76.125,1246,15027
830408,76.125,76.1875,75.875,75.96875,714,14459
830411,76.46875,76.875,76.46875,76.6875,454,14434
830412,76.8125,76.9375,76.46875,76.5625,1483,13679
830413,76.65625,76.90625,76.5,76.84375,559,13508
830414,76.875,77.65625,76.84375,77.59375,4688,10322
830415,77.6875,77.71875,77.28125,77.375,3205,9422
830418,77.625,77.78125,77.375,77.78125,1636,9253
830419,77.53125,77.53125,76.71875,76.71875,1414,9466
830420,76.78125,76.875,76.3125,76.71875,1401,9833
830421,76.6875,76.71875,76.25,76.28125,1156,9197
830422,76.21875,76.5625,76.03125,76.4375,844,9493
830425,76.78125,76.90625,76.5,76.59375,654,9463
830426,76.5625,76.875,76.40625,76.875,606,9179
830427,76.78125,78,76.75,77.34375,1200,9314
830428,77.125,77.625,77.09375,77.53125,611,8703
830429,77.78125,77.9375,77.5625,77.84375,2494,8630
830502,78.0625,78.1875,77.59375,77.71875,1704,8636
830503,77.65625,78,77.5625,77.90625,450,8608
830504,78.0625,78.59375,77.96875,78.53125,1081,8464
830505,78.53125,78.84375,78.125,78.1875,973,8440
830506,78.25,78.6875,78.03125,78.5,473,8375
830509,78.25,78.25,77.6875,77.75,1512,8397
830510,77.9375,78.375,77.78125,78.3125,474,8421
830511,78.5625,78.59375,78,78.03125,634,8480
830512,77.96875,78,77.46875,77.53125,1452,8804
830513,77.5,78.03125,77.5,77.65625,2442,8558
830516,77.125,77.125,76.46875,76.5,1801,8820
830517,76.3125,76.65625,76.21875,76.25,1157,9015
830518,76.3125,76.53125,76.09375,76.125,1677,9171
830519,76.125,76.3125,75.3125,75.375,2728,9417
830520,75.53125,75.6875,75,75.1875,1141,9243
830523,74.59375,75.1875,74.5625,75.125,2785,9307
830524,75.15625,75.40625,74.875,75.375,1341,9610
830525,75.46875,75.65625,75.21875,75.21875,1588,9631
830526,75.21875,75.3125,74.78125,74.875,3138,10411
830527,75,75.25,74.8125,74.875,1786,11070
830531,74.34375,74.40625,73.59375,73.625,2962,11223
830601,73.5,74.21875,73.46875,74,1430,11416
830602,74.3125,74.6875,73.96875,74.0625,2226,11768
830603,74,74.25,73.875,74.03125,1341,12023
830606,73.78125,74.53125,73.71875,74.46875,1167,12286
830607,74.34375,74.75,73.90625,74,2890,12629
830608,73.96875,74.09375,73.46875,73.625,954,12744
830609,74.125,74.25,73.78125,74.0625,1494,12675
830610,74.25,74.375,73.875,74,1566,12587
830613,74.78125,75.0625,74.28125,75,2475,12722
830614,74.8125,74.96875,74.5625,74.71875,1272,12807
830615,74.46875,75.25,74.4375,75.125,2205,12956
830616,75.3125,75.75,75.09375,75.65625,2716,13072
830617,75.71875,75.78125,75.21875,75.34375,4111,14110
830620,75.375,75.4375,74.6875,74.75,3599,14269
830621,74.59375,74.8125,74.28125,74.8125,4211,14717
830622,74.875,74.875,74.40625,74.53125,1996,15021
830623,74.375,74.625,73.9375,74.4375,3601,15403
830624,74.3125,74.34375,73.375,73.46875,3935,15908
830627,73.75,73.75,72.65625,72.8125,5329,16577
830628,73.09375,73.5625,73.0625,73.1875,5165,16901
830629,73.3125,73.75,73.28125,73.625,2624,16327
830630,73.78125,74.15625,73.75,73.90625,3626,16251
830701,73.90625,74.03125,73.84375,73.96875,732,16362
830705,72.625,72.90625,72.09375,72.3125,4767,16170
830706,72.4375,72.71875,72.3125,72.59375,2812,15903
830707,72,72.25,71.71875,72,3869,17239
830708,72.15625,72.15625,71.40625,71.46875,3114,17832
830711,71.875,72.28125,71.8125,71.9375,3655,17950
830712,71.96875,71.96875,71.0625,71.15625,5560,18323
830713,71,71.59375,70.96875,71.28125,3224,18588
830714,71.78125,72.15625,71.375,71.53125,5576,19099
830715,71.4375,71.4375,70.75,71.21875,4790,18993
830718,71.5625,71.96875,71.28125,71.96875,4565,18642
830719,72.03125,72.375,71.84375,72.09375,7764,19631
830720,73.28125,73.34375,72.375,72.40625,6935,19285
830721,72.375,72.46875,71.9375,71.96875,3482,19618
830722,71.78125,71.9375,70.9375,71.15625,6652,19966
830725,70.625,71.8125,70.625,71.75,8866,22792
830726,71.6875,71.6875,71,71.1875,5355,26928
830727,71.28125,71.4375,70.875,71.09375,4580,27069
830728,70.9375,71.09375,69.90625,69.9375,7530,28021
830729,69.875,70.125,68.625,69.34375,7922,28504
830801,69.25,69.71875,68.875,69.34375,6334,28419
830802,69.09375,69.6875,68.9375,69.59375,5458,28150
830803,69.6875,69.78125,69.125,69.53125,6511,28254
830804,69.625,69.625,67.9375,68.34375,12273,29131
830805,68.28125,68.71875,68.125,68.46875,7440,30987
830808,68.375,68.46875,67.65625,68.09375,10620,32151
830809,68.125,68.65625,68.125,68.4375,10373,33745
830810,68.34375,68.46875,67.75,68.25,8889,34537
830811,68.6875,69.03125,68.5625,68.90625,11681,36009
830812,69.3125,69.78125,69.15625,69.625,10543,35315
830815,70.53125,70.78125,70.1875,70.625,13346,37484
830816,70.40625,71,70.34375,70.6875,12961,37457
830817,70.84375,71.40625,70.71875,71.34375,15967,36049
830818,71.125,71.65625,70.78125,70.8125,17419,38672
830819,70.8125,70.96875,70,70.21875,17520,39816
830822,71.375,72.03125,71.21875,71.9375,20332,42472
830823,71.90625,71.9375,71.3125,71.59375,16974,44369
830824,71.84375,72.125,71.59375,71.875,21036,46065
830825,71.9375,72.34375,71.125,71.375,31692,50122
830826,71.28125,71.5,70.84375,71.46875,23401,52145
830829,70.6875,70.78125,69.875,70.03125,29465,58451
830830,70.125,70.34375,69.5625,69.59375,81956,67931
830831,69.3125,69.53125,68.90625,69.21875,89706,70783
830901,69.4375,69.78125,69.1875,69.375,56583,72668
830902,69.25,69.3125,69.09375,69.1875,24087,71752
830906,70.40625,70.625,70.0625,70.15625,57319,74721
830907,70.03125,70.90625,69.96875,70.875,77618,77710
830908,71.1875,71.1875,70.625,70.6875,47199,78006
830909,70.8125,71.03125,70.75,70.96875,30122,77631
830912,72.5,72.5,71.5,71.625,85230,81171
830913,71.625,71.875,71.34375,71.4375,86126,82884
830914,71.3125,71.375,70.625,70.6875,81467,84396
830915,70.53125,70.8125,70.15625,70.3125,78018,86166
830916,70.5,71.34375,70.4375,71.25,64442,85151
830919,71.40625,71.84375,71.09375,71.3125,99257,85649
830920,71.6875,72.0625,71.5,71.75,91154,86848
830921,72.03125,72.1875,71.40625,71.59375,90955,92370
830922,71.375,72.03125,71,71.90625,102058,94233
830923,72.625,72.71875,72.21875,72.59375,60209,92504
830926,73,73.125,72.59375,72.90625,76290,94473
830927,72.59375,72.8125,72.4375,72.71875,66529,96656
830928,72.9375,73,72.4375,72.5,86034,96511
830929,72.28125,72.5625,72.09375,72.53125,65605,96845
830930,72.5625,72.875,72.5625,72.71875,44949,97658
831003,72.78125,72.875,72.375,72.5625,57223,98569
831004,72.46875,72.90625,72.34375,72.53125,90291,102131
831005,72.84375,73.28125,72.75,73.25,107030,104511
831006,73.25,73.5,73.09375,73.28125,81005,105775
831007,73.34375,73.34375,72.96875,72.96875,54021,106237
831010,72.40625,72.625,72.21875,72.53125,34869,108997
831011,72.4375,72.46875,71.5625,71.59375,108669,108132
831012,71.4375,71.6875,71.3125,71.4375,87577,106506
831013,71.53125,71.65625,70.96875,71.15625,100931,108598
831014,71.34375,71.625,71.3125,71.59375,60344,102363
831017,72.09375,72.21875,71.6875,72.21875,93673,105790
831018,72.09375,72.4375,71.84375,71.875,91825,105181
831019,71.8125,72.375,71.71875,72.21875,108043,104402
831020,72.09375,72.375,71.84375,72.25,80419,104076
831021,72.15625,72.71875,72.09375,72.5,73004,98842
831024,71.40625,71.40625,71,71.09375,88235,103539
831025,71.1875,71.1875,70.5625,70.90625,111981,100963
831026,71.0625,71.125,70.625,71.09375,61380,98308
831027,70.78125,71.28125,70.6875,71.15625,73307,97374
831028,71.1875,71.3125,70.90625,70.9375,41980,95934
831031,70.90625,71.15625,70.65625,70.6875,66740,98167
831101,70.5625,70.875,70.4375,70.84375,66996,100168
831102,70.90625,71,70.625,70.8125,57286,99893
831103,70.625,70.8125,70.25,70.4375,77285,100361
831104,70.125,70.15625,69.84375,69.96875,79717,99283
831107,69.875,70.125,69.8125,70.09375,59691,93845
831108,70.25,70.28125,70.15625,70.21875,15081,96754
831109,70.1875,70.4375,70.15625,70.28125,72200,100510
831110,70.34375,70.96875,70.3125,70.9375,114698,101731
831111,71.375,71.65625,71.21875,71.65625,37662,99524
831114,71.4375,71.5,71.125,71.1875,63568,98997
831115,70.96875,71.125,70.75,71.03125,80870,98210
831116,71.125,71.4375,70.90625,70.9375,84134,93930
831117,70.8125,70.9375,70.65625,70.84375,69778,92399
831118,70.8125,70.90625,70.59375,70.75,37933,90966
831121,70.96875,71.28125,70.84375,71.25,62005,86485
831122,71.5,71.8125,71.34375,71.78125,98807,75855
831123,71.625,71.75,71.53125,71.65625,47656,73082
831125,71.75,71.9375,71.6875,71.90625,11546,68797
831128,71.71875,71.75,71.3125,71.4375,47432,62988
831129,71.40625,71.9375,71.25,71.9375,28961,52990
831130,71.8125,72.09375,71.5625,71.625,18217,50119
831201,71.53125,71.71875,71.40625,71.625,8484,47408
831202,71.34375,71.34375,70.8125,70.84375,20324,41971
831205,70.59375,70.90625,70.5,70.90625,12160,37827
831206,70.90625,71.03125,70.71875,70.84375,10516,34490
831207,70.65625,70.84375,70.5625,70.6875,16828,27324
831208,70.5625,70.5625,70.03125,70.09375,11053,23610
831209,70.09375,70.25,69.96875,70.0625,3639,21956
831212,70.09375,70.40625,69.90625,70.28125,13366,16575
831213,69.78125,69.8125,69.59375,69.6875,5494,14487
831214,69.6875,69.9375,69.53125,69.59375,3673,13508
831215,69.5,69.90625,69.5,69.71875,9409,10988
831216,70,70.25,69.9375,70.21875,1462,10716
831219,70.21875,70.3125,70,70.15625,3952,7167
831220,70.375,70.46875,70.28125,70.28125,6924,2751
