800624,81.28125,82.15625,81.28125,82.09375,31,109
800625,81.90625,81.90625,81.5,81.8125,450,499
800626,82,82.125,81.46875,81.84375,995,1329
800627,81.8125,81.84375,80.4375,80.46875,1576,2830
800630,79.8125,80.28125,79.46875,80.28125,688,3318
800701,80.3125,80.59375,79.1875,79.1875,7,3325
800702,79.09375,79.3125,79.09375,79.3125,35,3371
800703,79.8125,80.3125,79.46875,79.75,37,3347
800707,79.96875,80,77.75,77.75,1,3347
800708,79.25,79.75,79.25,79.75,232,3245
800709,79.65625,80.03125,78.9375,78.96875,250,3353
800710,78.875,79,78.21875,78.4375,60,3355
800711,78.09375,78.09375,77.625,77.625,12,3356
800714,77.15625,77.5625,77.0625,77.0625,15,3361
800715,77.875,78.9375,77.84375,78.9375,111,3430
800716,79.84375,79.84375,79.59375,79.59375,167,3530
800717,79.53125,80,78.875,79.15625,97,3467
800718,79.09375,79.5625,78.28125,78.28125,2,3468
800721,78.59375,79.25,78.34375,79.125,45,3486
800722,79.59375,79.65625,78.59375,78.59375,112,3533
800723,78.03125,79.25,78.03125,79.21875,1,3532
800724,78.9375,78.9375,78,78.125,25,3514
800725,78,78,77.5,77.5625,0,3514
800728,77.375,77.375,76.84375,76.90625,7,3517
800729,76.8125,77.34375,76.8125,77.21875,223,3647
800730,77.21875,77.46875,75.78125,75.84375,1,3646
800731,75.8125,75.875,74.75,74.8125,104,3649
800801,75.03125,75.4375,75.03125,75.4375,40,3561
800804,75.28125,76.34375,75.03125,76.34375,153,3526
800805,76.4375,76.84375,75.65625,75.75,14,3525
800806,75.8125,76.125,75.40625,75.84375,46,3559
800807,75.75,76.40625,75.75,76.375,11,3570
800808,75.8125,75.8125,75,75.03125,9,3578
800811,74.71875,74.71875,74.09375,74.09375,303,3676
800812,74.34375,74.8125,74.15625,74.8125,311,3671
800813,75.25,75.25,74.71875,74.96875,48,3628
800814,75.09375,75.3125,74.875,74.9375,1018,4197
800815,74.6875,75.75,74.53125,75.75,88,4274
800818,74.59375,74.59375,74.15625,74.34375,121,4294
800819,74.6875,74.6875,73.8125,73.8125,27,4312
800820,73.3125,74.28125,73.3125,74.25,77,4327
800821,74.375,74.59375,73.78125,74.59375,65,4309
800822,75.53125,75.53125,74.9375,75.28125,219,4211
800825,74.6875,74.6875,74.5,74.5,105,4130
800826,74.46875,74.59375,74.15625,74.21875,62,4130
800827,73.90625,74.25,73.84375,73.96875,26,4141
800828,74.03125,74.4375,74,74.4375,77,4171
800829,74.25,74.6875,73.75,74.65625,106,4159
800902,74.78125,75.71875,74.78125,75.5,188,4218
800903,76.15625,76.34375,75.84375,75.96875,175,4253
800904,76.125,76.125,75.5,75.625,39,4243
800905,75.53125,75.71875,75.15625,75.375,114,4348
800908,75,75,74.78125,74.90625,67,4328
800909,75.09375,75.90625,74.6875,75.625,33,4319
800910,75.53125,75.90625,75.53125,75.53125,5,4322
800911,75.03125,75.03125,74.625,74.625,4,4321
800912,74.3125,74.6875,74.0625,74.40625,16,4335
800915,73.5625,73.84375,73.5,73.8125,138,4404
800916,73.6875,74.34375,73.6875,74.34375,88,4457
800917,74.5,74.53125,73.65625,73.65625,108,4403
800918,73.75,73.96875,73.75,73.96875,40,4418
800919,74.4375,74.625,74.28125,74.5625,102,4439
800922,73.8125,73.8125,73,73,83,4468
800923,72.75,73.0625,72.75,72.96875,14,4467
800924,73.34375,73.34375,73.0625,73.0625,5,4468
800925,72.90625,73.03125,72.40625,72.40625,82,4470
800926,71.5,72.1875,71.5,72.1875,270,4586
800929,71.75,71.75,71.46875,71.59375,63,4561
800930,72,72.9375,72,72.90625,232,4524
801001,73.375,73.375,72.71875,72.78125,6,4543
801002,72.53125,73,72.53125,72.90625,81,4597
801003,73.875,74.90625,73.875,74.65625,37,4608
801006,74.65625,75.0625,74.53125,74.71875,46,4629
801007,74.71875,74.71875,73.96875,74,162,4676
801008,73.59375,73.78125,73.28125,73.75,175,4691
801009,74.40625,75.09375,74.40625,75.09375,122,4743
801010,74.6875,74.8125,74.5625,74.625,69,4752
801013,74.1875,74.5625,74.1875,74.40625,9,4743
801014,74.53125,75.09375,74.53125,74.71875,101,4740
801015,74.875,75.03125,74.59375,74.90625,22,4748
801016,75.21875,75.21875,74,74,64,4745
801017,73.65625,73.65625,73.15625,73.375,62,4770
801020,73.1875,73.4375,73.125,73.28125,320,5009
801021,73.59375,73.625,72.625,72.625,111,5010
801022,72.5625,72.84375,72.09375,72.15625,85,4982
801023,72.15625,72.21875,71.8125,72.0625,38,4986
801024,72.34375,72.65625,72.0625,72.625,149,5062
801027,71.125,71.125,70.625,70.6875,512,5474
801028,70.875,70.875,69.9375,70.375,1721,5292
801029,70.3125,70.5,69.53125,69.53125,277,5335
801030,69.15625,69.84375,69.15625,69.625,497,5617
801031,69.90625,70.09375,69.90625,69.90625,247,5512
801103,69.75,70.4375,69.59375,70.4375,164,5490
801105,72.4375,72.4375,69.40625,69.40625,493,5481
801106,69,69.3125,68.8125,68.84375,224,5454
801107,69.0625,70,69.0625,69.6875,943,5433
801110,69.21875,69.3125,68.84375,68.84375,148,5472
801111,70.15625,70.84375,70.0625,70.84375,536,5791
801112,70.84375,71,70.65625,70.875,617,5512
801113,70.53125,71.34375,70.53125,71,470,5586
801114,70.875,70.875,70.125,70.34375,361,5806
801117,70,70.3125,69.8125,69.875,57,5835
801118,70.1875,71.34375,70.1875,71.34375,1665,6852
801119,71.65625,72.25,71.5625,72.25,192,6832
801120,72,72.15625,71.90625,71.90625,381,6867
801121,71.40625,71.40625,71.1875,71.25,508,7019
801124,71.3125,71.90625,71.1875,71.875,428,7202
801125,72.4375,72.4375,71.71875,71.71875,663,7797
801126,71.78125,72.25,71.78125,72.25,286,7798
801128,72.125,72.15625,71.5625,71.5625,343,7831
801201,71.375,71.53125,71.1875,71.1875,801,8319
801202,71.53125,71.53125,71.25,71.53125,738,8392
801203,71.75,71.75,71.65625,71.65625,1411,8835
801204,71.65625,71.78125,71.1875,71.34375,689,9133
801205,71.375,72.71875,71.375,72.6875,574,9560
801208,72.5,73.03125,72.3125,72.5625,521,9692
801209,72.1875,72.1875,70.8125,70.84375,1635,10916
801210,70.8125,71.1875,70.15625,70.78125,1422,10515
801211,69.8125,69.8125,68.78125,68.78125,468,12225
801212,69.5,70.78125,68.625,70.78125,4061,11370
801215,70.875,70.9375,70,70.1875,1279,11435
801216,69.375,69.875,69.3125,69.375,1908,11763
801217,69.84375,71.0625,69.75,69.75,1861,12149
801218,69.875,70.65625,69.875,70.34375,468,12225
801219,71.875,72.34375,71.875,72.34375,1826,12270
801222,74.3125,74.3125,73.625,74,1812,12537
801223,74,74,72.96875,73.1875,1703,12247
801224,72.875,73.53125,72.59375,73.53125,388,12229
801229,73.65625,73.96875,73.09375,73.09375,1330,12562
801230,72.8125,72.9375,72.34375,72.34375,1663,12403
801231,72.15625,73.03125,71.875,73.03125,1780,12446
810102,72.65625,73.75,72.65625,73.5,813,11923
810105,73.96875,74.625,73.90625,73.9375,736,12120
810106,73.96875,74.25,73.71875,73.84375,383,12151
810107,73.75,73.9375,73.28125,73.28125,1867,11102
810108,73.28125,73.5625,73.25,73.5625,591,10964
810109,73.21875,73.3125,71.78125,72.75,858,11177
810112,74.15625,74.15625,72.375,72.375,438,11145
810113,71.96875,72.9375,71.96875,72.9375,822,11708
810114,73.21875,73.34375,72.40625,72.40625,222,11689
810115,72.4375,72.59375,71.8125,71.8125,218,11758
810116,71.90625,72.46875,71.90625,72.46875,120,11675
810119,71.9375,72.46875,71.90625,71.96875,256,11576
810120,72.125,73,72.125,72.96875,250,11614
810121,72.875,72.90625,71.40625,71.40625,303,11406
810122,71.5625,71.5625,70.90625,71.09375,222,11314
810123,71.46875,71.46875,71.3125,71.3125,902,11093
810126,71.875,71.875,71.21875,71.34375,1831,11791
810127,71.40625,71.5,70.96875,70.96875,337,11804
810128,71,71.15625,70.78125,70.8125,88,11791
810129,70.46875,70.8125,70.46875,70.5,279,11660
810130,70.96875,71.03125,70.90625,71.03125,115,11661
810202,71,71.03125,69.8125,69.8125,155,11674
810203,69.5,69.78125,69.25,69.34375,205,11796
810204,69.5,70.3125,69.5,70.25,1634,12529
810205,69.9375,69.96875,69.40625,69.5,315,12680
810206,69.40625,69.625,69.3125,69.4375,176,12744
810209,69.625,69.75,69.0625,69.09375,89,12768
810210,69.09375,69.09375,68.28125,68.28125,314,12731
810211,68.3125,68.3125,67.59375,67.65625,1039,12618
810212,67.59375,67.59375,66,66.65625,664,12928
810213,66.5625,67.03125,66.5625,66.90625,795,13323
810217,67.59375,68.53125,67.59375,68.40625,866,13666
810218,69.1875,69.1875,68.40625,68.59375,435,13619
810219,68.625,69.4375,68.4375,69.3125,545,13703
810220,69.375,69.8125,69.375,69.53125,454,14127
810223,69.09375,69.09375,68.25,68.25,127,14173
810224,68.40625,68.40625,68.25,68.28125,123,14050
810225,68.375,68.375,67.90625,67.90625,230,13972
810226,67.625,67.625,67.21875,67.59375,194,13985
810227,67.90625,68.0625,67.625,67.75,34,13975
810302,67.375,67.46875,67,67,569,13933
810303,66.96875,68.0625,66.96875,68.0625,432,13935
810304,68.375,68.40625,67.96875,67.96875,178,13973
810305,67.9375,68.28125,67.9375,68.28125,254,13937
810306,68.90625,69.03125,68.78125,69.03125,252,13873
810309,69.6875,69.6875,69.21875,69.21875,282,13776
810310,69.375,69.59375,68.78125,68.78125,1542,13687
810311,68.75,68.9375,68.59375,68.59375,558,14045
810312,68.78125,69.375,68.78125,69.375,620,13862
810313,70.03125,70.15625,69.8125,70.15625,397,14118
810316,70.46875,70.5,70.03125,70.09375,475,13944
810317,70.125,70.90625,70.0625,70.90625,176,13847
810318,71.09375,71.375,70.96875,71.09375,478,13940
810319,70.875,70.875,70.4375,70.4375,54,13938
810320,70.09375,70.15625,69.9375,70,296,13985
810323,68.9375,68.9375,68,68,92,13969
810324,68.375,68.375,67.53125,67.53125,136,13984
810325,67.5,68.21875,67.5,68.03125,261,13949
810326,67.84375,67.90625,67.28125,67.28125,185,13854
810327,67.0625,67.625,67.0625,67.21875,948,14150
810330,67.59375,68.25,67.5,68.125,358,14225
810331,68.46875,68.46875,68.21875,68.34375,154,14205
810401,68.5,68.625,68.3125,68.3125,340,14223
810402,68.34375,68.34375,67.53125,67.53125,113,14295
810403,67.0625,67.28125,66.8125,67.28125,403,14328
810406,66.5,66.5,65.9375,65.96875,412,14446
810407,66.375,67.1875,66.375,67.1875,801,14665
810408,67.71875,67.71875,66.5,66.5,242,14557
810409,66.5,67.4375,66.46875,67.28125,442,14743
810410,67.15625,67.15625,66.65625,66.8125,1304,15345
810413,66,66.53125,65.46875,66.53125,1139,15941
810414,66.8125,67.09375,66.8125,67.0625,561,16033
810415,67.3125,67.3125,66.5,66.5,387,15897
810416,66.34375,66.6875,66.3125,66.3125,96,15908
810420,66.34375,67.53125,66.3125,67.4375,2272,16344
810421,67.6875,67.6875,67.0625,67.0625,2073,17930
810422,67.1875,67.25,66.84375,66.84375,85,17930
810423,67.15625,67.21875,66.75,66.75,240,18038
810424,67,67.09375,66.5,66.5,313,18019
810427,66.8125,66.8125,66.28125,66.28125,1155,17582
810428,66.15625,66.53125,66.15625,66.46875,1182,17464
810429,66.4375,66.5,65.9375,65.96875,1547,17312
810430,66.09375,66.15625,65.625,65.625,1144,17178
810501,65.65625,66,65.65625,65.90625,1458,17716
810504,65.0625,65.0625,64.5625,64.5625,2032,17539
810505,64.375,64.4375,63.96875,64.34375,2775,17609
810506,65.09375,65.125,64.8125,64.8125,1450,17514
810507,64.90625,66,64.90625,65.84375,1207,18354
810508,66.28125,66.28125,65.9375,66.125,905,18277
810511,66.4375,66.4375,65.125,65.125,765,18110
810512,65.125,65.4375,65.0625,65.0625,322,17994
810513,65.25,65.34375,65.09375,65.125,351,17952
810514,65.125,66.625,65.125,66.3125,823,18309
810515,66.28125,66.78125,66.28125,66.5,597,17982
810518,67.375,67.96875,67.125,67.53125,449,18038
810519,67.125,67.21875,66.625,66.875,160,18026
810520,66.5625,67.125,66.4375,67.125,121,18019
810521,66.875,66.875,66.375,66.84375,71,18014
810522,67.28125,67.625,67.25,67.5625,268,18045
810526,68.09375,68.28125,67.96875,67.96875,1425,19225
810527,67.6875,67.875,67.6875,67.875,183,19034
810528,68.3125,68.625,68.28125,68.28125,257,18850
810529,68.09375,68.28125,68,68.21875,228,18730
810601,68.59375,68.8125,68.25,68.28125,570,18759
810602,68,68.3125,67.75,68.09375,342,18844
810603,68.3125,68.5625,68.21875,68.5625,397,18788
810604,68.40625,68.75,68.15625,68.75,143,18779
810605,68.625,68.65625,68.375,68.375,155,18793
810608,69.3125,69.40625,69.1875,69.28125,124,18792
810609,68.96875,69.03125,68.90625,68.9375,202,18814
810610,69.5625,69.5625,69.21875,69.21875,990,19057
810611,69.03125,69.25,69.03125,69.25,694,18852
810612,69.15625,69.375,69.15625,69.375,281,18861
810615,70.34375,70.5,70.03125,70.03125,251,18924
810616,69.90625,70.34375,69.90625,70.34375,142,18886
810617,70.09375,70.09375,69.6875,69.6875,824,18710
810618,69.1875,69.28125,68.46875,68.53125,1715,17868
810619,68.53125,69.03125,68.46875,69.03125,173,17695
810622,68.9375,69.1875,68.9375,69.15625,764,18106
810623,69.15625,69.1875,68.34375,68.34375,179,18081
810624,68.34375,68.375,67.75,67.90625,322,18179
810625,67.625,68,67.625,67.65625,294,18274
810626,67.5625,67.8125,67.4375,67.5625,1233,18443
810629,67.9375,68.03125,67.65625,67.65625,4534,21590
810630,67.65625,67.65625,66.625,66.625,2501,22602
810701,66.25,66.375,65.75,66.125,612,22525
810702,65.84375,66.65625,65.84375,66.65625,549,22355
810706,66.53125,67.40625,66.53125,67.40625,35,22342
810707,67.375,67.375,66.4375,66.4375,50,22307
810708,66.4375,66.8125,66.09375,66.8125,436,22256
810709,66.8125,66.90625,66.28125,66.40625,909,22263
810710,66.5625,67.21875,66.5625,67.21875,96,22284
810713,67.0625,67.25,66.90625,66.90625,120,22329
810714,66.53125,66.75,66.40625,66.40625,267,22339
810715,67.03125,67.09375,66.875,66.9375,284,22576
810716,66.65625,66.8125,66.59375,66.59375,97,22641
810717,66.75,66.78125,66.6875,66.71875,154,22545
810720,65.65625,65.75,64.9375,64.9375,382,22642
810721,65.03125,65.3125,64.9375,65.3125,1483,23178
810722,65.3125,65.5625,65.125,65.125,497,22788
810723,65.15625,65.46875,65.15625,65.40625,255,22822
810724,65.75,66.03125,65.75,66.03125,619,22747
810727,66.5625,66.5625,65.34375,65.53125,140,22758
810728,65.5,65.5,65.15625,65.40625,326,22639
810729,65.625,65.625,64.625,64.625,242,22455
810730,64.3125,64.4375,64.28125,64.4375,232,22470
810731,64.5625,64.5625,64.1875,64.1875,207,22483
810803,63.40625,63.40625,63,63.125,593,22473
810804,63.15625,63.625,63.15625,63.625,229,22475
810805,63.78125,63.78125,63.3125,63.65625,948,22397
810806,63.8125,64.125,63.6875,63.6875,155,22258
810807,64.15625,64.15625,63.71875,63.90625,174,22134
810810,64.28125,64.78125,64.28125,64.78125,274,22033
810811,65,65.78125,64.9375,65.65625,1407,21012
810812,65.375,65.4375,65,65,471,20880
810813,65.125,65.28125,64.75,64.8125,135,20955
810814,64.84375,64.84375,64.21875,64.21875,159,20983
810817,64.71875,64.84375,64.625,64.625,151,20930
810818,64.46875,64.5625,64.28125,64.3125,101,20948
810819,64.40625,64.71875,64.40625,64.40625,161,20816
810820,64.1875,64.375,63.78125,63.84375,387,20870
810821,63.96875,63.96875,63.40625,63.4375,195,20887
810824,62.875,62.875,61.5625,61.6875,397,20934
810825,60.9375,61.75,60.9375,61.4375,307,20911
810826,62.0625,62.0625,61.375,61.375,441,20879
810827,61.375,61.9375,61.375,61.9375,305,20721
810828,62,62.3125,61.875,61.875,1678,20967
810831,62.125,62.1875,60.59375,60.6875,441,20656
810901,60.6875,61.125,60.21875,61.125,299,20586
810902,61,61.25,60.75,61.125,420,20167
810903,61.3125,61.34375,60.25,60.25,242,20034
810904,60,60.4375,60,60.21875,1313,19425
810908,60.21875,60.65625,59.59375,59.71875,1266,19567
810909,59.65625,60.25,59.65625,60.25,129,19526
810910,60.78125,61.25,60.625,60.78125,600,19340
810911,60.5,61.71875,60.5,61.71875,486,19211
810914,61.28125,61.3125,60.46875,60.84375,183,19203
810915,61.1875,61.3125,61.03125,61.15625,984,19040
810916,60.8125,61.5,60.8125,61.1875,162,18990
810917,61.3125,61.90625,61.3125,61.875,173,18934
810918,61.90625,62.125,61.78125,62.125,91,18910
810921,62.34375,62.84375,62.3125,62.65625,243,18918
810922,62.3125,62.4375,61.71875,61.71875,268,18894
810923,61.625,61.625,60.75,60.75,328,18860
810924,60.65625,60.875,60.34375,60.375,297,18808
810925,60.28125,60.4375,58.5,58.59375,283,18779
810928,57.71875,59.03125,57.59375,59.03125,364,18659
810929,58.59375,58.75,58.125,58.125,302,18566
810930,57.75,58.46875,57.71875,58.3125,1122,18268
811001,58.28125,58.5625,58.03125,58.46875,173,18161
811002,59,60,59,59.9375,295,18125
811005,60.78125,61,60.0625,60.0625,190,18044
811006,60.375,60.375,59.6875,60.21875,2278,16914
811007,60.71875,60.71875,60.25,60.59375,440,16562
811008,60.3125,60.75,60.125,60.6875,214,16546
811009,61.09375,61.65625,61.09375,61.4375,469,16649
811012,62.125,62.15625,61.65625,61.90625,925,16546
811013,61.625,61.625,60.78125,60.78125,288,16596
811014,60.59375,60.71875,60.40625,60.46875,297,16743
811015,60.6875,60.84375,60.46875,60.78125,86,16686
811016,60.8125,60.8125,60.25,60.25,267,16607
811019,59.96875,60.5625,59.96875,60.5625,1975,17327
811020,60.84375,60.84375,59.84375,59.84375,504,17594
811021,59.46875,59.5625,58.71875,58.71875,636,17985
811022,58.8125,59,58.59375,58.65625,56,17929
811023,58.75,59.1875,58.6875,59.1875,3493,19147
811026,58.1875,58.1875,57.4375,57.59375,342,18998
811027,57.625,57.90625,57.59375,57.90625,452,19148
811028,58.1875,58.21875,57.9375,57.9375,839,19055
811029,58.53125,59.125,58.53125,59.125,2168,19956
811030,59.375,60.0625,59.34375,59.65625,1013,20399
811102,59.53125,60.625,59.46875,59.6875,880,20252
811103,60,60.5625,60,60.5625,3695,16954
811104,60.375,61.71875,60.375,61.71875,458,16827
811105,61.5625,62,61.1875,61.46875,570,16656
811106,61.15625,62.15625,61.15625,62.09375,372,16681
811109,63.09375,63.34375,62.90625,63.09375,2724,14818
811110,62.53125,63.21875,62.5,63.125,817,14657
811111,63.3125,64.34375,63.28125,64.34375,850,14324
811112,64.75,64.96875,64.3125,64.53125,485,14361
811113,64.1875,64.4375,63.84375,64.28125,763,14147
811116,64.75,65.3125,64.75,64.96875,748,14115
811117,64.3125,64.5,64.0625,64.34375,371,14131
811118,64.46875,66,64.1875,65.125,1341,14496
811119,64.9375,65.4375,64.625,64.625,651,14686
811120,65.03125,65.09375,64.46875,64.8125,550,14661
811123,64.5625,64.5625,63.125,63.1875,775,14666
811124,63.65625,65.0625,63.40625,65.0625,1642,13993
811125,65.15625,65.9375,65.15625,65.875,1711,14135
811127,66.4375,66.46875,66.3125,66.4375,689,14173
811130,66.3125,66.3125,65.5,65.75,885,14147
811201,64.8125,65.28125,64.375,65.15625,835,14376
811202,65.34375,65.34375,64.0625,64.0625,347,14493
811203,64.09375,64.6875,63.8125,64.6875,1079,14883
811204,66.1875,66.1875,65.46875,65.5625,1440,14614
811207,64.78125,64.78125,63.84375,63.84375,1293,15037
811208,63.21875,64.40625,63.1875,64.15625,1372,15033
811209,63.84375,64.15625,63.21875,63.21875,407,15142
811210,62.6875,63.03125,62.3125,62.53125,924,15377
811211,62.65625,63.09375,62.46875,62.6875,1670,15483
811214,62.3125,64,62.3125,64,1390,15714
811215,63.9375,64.5,63.78125,64.125,1332,16095
811216,64.25,64.5625,64,64.0625,1032,15691
811217,63.96875,64.1875,63.53125,63.53125,1969,15532
811218,63.6875,64.4375,63.625,64.4375,843,15492
811221,63.8125,63.9375,63.25,63.25,1784,15920
811222,63.125,63.3125,62.90625,62.90625,1269,15869
811223,62.53125,62.5625,62.09375,62.09375,1960,15911
811224,62.25,62.78125,62.25,62.25,1014,15735
811228,62.21875,62.46875,62.21875,62.4375,761,15386
811229,62.59375,62.59375,61.75,61.75,1544,15529
811230,61.6875,62.03125,61.59375,61.8125,3123,15205
811231,62.34375,62.78125,62.34375,62.78125,968,15104
820104,63,63,61.65625,61.65625,1879,14757
820105,60.8125,60.84375,60.21875,60.5,1730,14573
820106,60.78125,60.96875,59.65625,59.65625,2255,14221
820107,59.84375,60.09375,59.28125,59.75,778,13955
820108,60.40625,60.53125,60.25,60.34375,648,13633
820111,59.46875,59.5625,59.15625,59.25,683,13599
820112,59.125,59.9375,59.125,59.9375,284,13504
820113,60.03125,60.28125,59.0625,59.3125,467,13445
820114,59.3125,59.90625,59.0625,59.90625,706,13400
820115,60.3125,60.34375,59.25,59.6875,529,13597
820118,59.3125,60.375,59.25,60.1875,596,13706
820119,60.125,60.65625,59.75,59.78125,1600,14034
820120,59.875,60.15625,59.6875,60.125,707,13920
820121,60.84375,61.0625,60.25,60.78125,800,14166
820122,60.625,60.8125,60.5,60.59375,465,14175
820125,59.90625,61.09375,59.875,61.09375,674,14255
820126,61.125,61.40625,60.03125,60.875,958,14257
820127,61.1875,61.1875,60.8125,60.8125,730,14351
820128,60.71875,61.875,60.71875,61.875,720,14430
820129,62,62.21875,61.84375,62.03125,578,14485
820201,60.875,61.15625,60.4375,60.46875,1014,14493
820202,60.625,61.0625,60.59375,60.71875,1078,14363
820203,60.65625,60.65625,60.15625,60.15625,1781,14601
820204,60.4375,60.4375,59.59375,59.84375,857,14340
820205,59.78125,60.1875,59.625,60.1875,625,14316
820208,59.1875,59.78125,58.75,58.78125,929,14571
820209,58.65625,58.8125,58.5,58.59375,675,14439
820210,58.8125,59.1875,58.8125,59.1875,279,14373
820211,59.1875,59.96875,59.1875,59.96875,312,14326
820212,59.8125,59.90625,59.65625,59.65625,300,14363
820216,58.90625,60.8125,58.90625,60.8125,1404,14077
820217,60.875,61.125,60.46875,60.875,322,14301
820218,61.15625,61.78125,61.03125,61.65625,1587,13880
820219,61.84375,62.15625,61.65625,61.875,456,13948
820222,63.09375,63.53125,63.0625,63.28125,1521,13926
820223,63.09375,63.09375,62.71875,62.9375,686,14122
820224,62.90625,63.625,62.625,63.5,2172,14444
820225,63.59375,63.59375,62.875,62.90625,559,14195
820226,62.71875,63.125,62.4375,62.4375,371,14201
820301,63.375,63.53125,63,63.375,514,14038
820302,63.1875,64.1875,63.1875,64.15625,1473,13878
820303,63.8125,64.4375,63.75,64.4375,257,13786
820304,64.53125,64.65625,64.25,64.59375,1159,13860
820305,64.65625,64.65625,64.21875,64.4375,293,13788
820308,64.90625,64.90625,63.53125,63.53125,794,13864
820309,63.4375,64.03125,63.3125,63.875,163,13847
820310,63.46875,64.15625,63.46875,63.5,463,13771
820311,63.3125,63.375,62.8125,62.96875,609,13724
820312,62.84375,63.1875,62.78125,63.03125,488,13561
820315,62.96875,63.5625,62.375,63.46875,656,13669
820316,63.25,63.625,63.0625,63.34375,2294,15645
820317,63.6875,63.9375,63.5625,63.59375,617,15630
820318,63.625,64.09375,63.59375,63.75,223,15588
820319,63.5,63.59375,63.375,63.5,305,15457
820322,63.90625,64.4375,63.90625,64.40625,369,15501
820323,64.5,64.6875,64.28125,64.28125,2076,15830
820324,64.40625,64.40625,63.5625,63.5625,210,15767
820325,63.65625,63.78125,63.375,63.65625,524,15832
820326,63.53125,63.53125,62.84375,62.90625,919,15613
820329,62.4375,62.59375,62.15625,62.3125,456,15508
820330,62.4375,62.625,62.0625,62.09375,438,15433
820331,61.9375,62.96875,61.9375,62.96875,641,15386
820401,62.96875,63.15625,62.71875,63.09375,2122,17039
820402,62.8125,63.1875,62.78125,62.8125,156,17008
820405,62.9375,63.28125,62.3125,62.3125,888,17289
820406,62.4375,62.625,62.1875,62.5,317,16969
820407,62.625,62.625,62.375,62.5,845,17192
820408,62.53125,63.625,62.53125,63.5625,320,17134
820412,64.0625,64.4375,63.78125,64.4375,575,16988
820413,64.5,64.6875,64.1875,64.28125,1527,17654
820414,64.03125,64.125,63.875,63.90625,96,17642
820415,63.875,64.4375,63.875,64.40625,345,17646
820416,64.4375,65.3125,64.375,65.0625,568,17603
820419,65.09375,65.59375,64.65625,65.3125,732,17569
820420,65.4375,65.46875,64.71875,64.8125,704,17487
820421,65.34375,65.65625,64.1875,64.59375,1139,17341
820422,64.6875,64.9375,64.25,64.9375,626,17312
820423,65.46875,65.46875,64.65625,64.8125,389,17115
820426,64.8125,65.21875,64.53125,65.125,268,17139
820427,65.03125,65.1875,64.65625,64.71875,163,17120
820428,64.4375,64.6875,64.375,64.4375,199,17099
820429,63.8125,64.1875,63.8125,64.1875,300,17160
820430,64.21875,64.25,63.9375,64,331,16999
820503,63.875,64,63.59375,63.625,473,16618
820504,63.4375,64.25,63.40625,64.1875,355,16696
820505,64.15625,64.5,64.125,64.1875,341,16732
820506,64.5,65.375,64.5,65.375,1260,16614
820507,65.6875,65.6875,65.28125,65.46875,723,16742
820510,65.3125,65.375,65.0625,65.25,252,16815
820511,65.0625,65.625,65.03125,65.46875,645,16833
820512,65.53125,65.8125,64.625,64.8125,463,16828
820513,64.8125,64.90625,64.5625,64.78125,603,16712
820514,64.9375,65.3125,64.875,65.09375,483,16777
820517,65.09375,65.21875,64.3125,64.34375,350,16735
820518,64.25,64.90625,64.03125,64.75,329,16738
820519,64.625,64.75,64.21875,64.25,317,16621
820520,64.625,65.125,64.5,65.0625,682,16467
820521,65.03125,65.21875,64.84375,64.9375,604,16113
820524,64.875,65.125,64.75,64.9375,450,16205
820525,64.78125,64.90625,64.625,64.90625,701,16061
820526,65.125,65.15625,64.3125,64.375,624,16599
820527,64.34375,64.5,63.90625,63.9375,1144,16545
820528,63.84375,64.03125,63.46875,63.53125,784,16343
820601,63.28125,63.28125,62.21875,62.34375,1938,16300
820602,62.53125,62.71875,62.34375,62.5625,555,16293
820603,62.78125,62.78125,62.03125,62.3125,634,16452
820604,62.28125,62.28125,61.78125,61.96875,1544,17009
820607,62.09375,62.5,61.71875,62.25,870,16921
820608,62.21875,62.34375,61.875,62,471,16894
820609,62,62.3125,61.8125,62.28125,1423,16638
820610,62.125,62.25,61.96875,62,219,16663
820611,62.4375,62.78125,62.4375,62.5625,1065,16507
820614,61.9375,62,61.03125,61.375,1441,16011
820615,61.28125,61.59375,61.21875,61.5,548,15914
820616,61.5,61.59375,61.15625,61.25,626,15939
820617,60.6875,60.8125,60.28125,60.625,2123,16488
820618,60.6875,60.75,60.0625,60.09375,831,16768
820621,60.03125,60.4375,59.8125,60.21875,784,16981
820622,60.28125,60.53125,59.90625,60.03125,835,16886
820623,59.6875,60.0625,59.375,59.9375,1134,16146
820624,59.96875,60.34375,59.5625,59.90625,398,16097
820625,59.84375,60.15625,59.78125,59.96875,979,16178
820628,60.09375,60.34375,59.78125,60.3125,613,16076
820629,60.40625,60.6875,60.15625,60.6875,1777,15772
820630,61.125,61.375,60.96875,61.28125,512,15606
820701,61.3125,61.625,61.1875,61.34375,2116,15147
820702,60.96875,61.1875,60.59375,60.75,406,15032
820706,61.09375,61.125,60.71875,60.875,680,15027
820707,60.59375,61.25,60.53125,61.21875,351,14942
820708,61.375,62.21875,61.3125,62.15625,783,14802
820709,62.59375,62.78125,62.375,62.65625,1957,15688
820712,63.28125,63.53125,63.03125,63.125,1382,15562
820713,62.75,62.875,62.34375,62.46875,1100,15484
820714,62.5625,62.5625,62.125,62.25,652,15565
820715,62.5,62.8125,62.4375,62.59375,385,15635
820716,62.75,63.65625,62.6875,63.65625,1120,15661
820719,63.875,64.03125,63.59375,63.6875,957,15378
820720,64.09375,64.1875,63.78125,64.125,1688,15165
820721,64.25,64.28125,63.65625,63.78125,2233,15259
820722,63.59375,64.4375,63.5,64.15625,1582,15251
820723,64.375,64.40625,63.875,63.9375,552,15147
820726,63.5,63.59375,62.84375,62.875,543,15148
820727,62.65625,63.25,62.59375,62.84375,1222,15026
820728,62.65625,62.875,62.28125,62.3125,893,15200
820729,62.46875,63.0625,62.375,62.8125,824,15219
820730,63.15625,63.25,63,63.09375,607,15228
820802,63.90625,64.28125,63.71875,64.21875,1218,15372
820803,64.0625,64.25,63.75,63.78125,2185,15490
820804,63.8125,63.90625,63.46875,63.71875,2112,15733
820805,63.625,63.8125,63.28125,63.8125,1733,15837
820806,63.46875,63.5,62.8125,62.90625,1865,15628
820809,62.46875,63.53125,62.4375,63.40625,1260,15813
820810,63.34375,63.84375,63.21875,63.4375,1035,15840
820811,63.53125,63.65625,63.25,63.25,556,15830
820812,63.28125,64.1875,63.28125,64.1875,2375,15709
820813,64.3125,65.03125,64.3125,64.875,4277,15959
820816,65.40625,66.3125,65.40625,65.4375,3045,16352
820817,65.625,67.4375,65.5,67.28125,2854,16609
820818,68.90625,69.28125,67.84375,68.21875,5051,17094
820819,68.25,68.5625,67.46875,68,3919,17280
820820,68.75,69,68.5,68.625,1952,17656
820823,68.09375,68.25,67.90625,67.96875,1374,18394
820824,68.09375,69,67.9375,68.84375,2350,18333
820825,68.5625,68.96875,68.21875,68.25,1513,18590
820826,68.15625,69.4375,67.53125,67.5625,2824,18659
820827,67.46875,67.46875,66.3125,66.40625,3613,18689
820830,66.40625,67.03125,66.03125,66.8125,1843,18812
820831,66.5625,67.09375,66.5,66.71875,1061,18877
820901,66.59375,67.375,66.59375,67.09375,1293,18941
820902,67.375,67.8125,66.75,67.75,2323,19146
820903,67.9375,69.4375,67.71875,68.25,2779,19292
820907,68.46875,68.96875,68.0625,68.28125,1785,19855
820908,68.21875,68.71875,68,68.5625,2319,19742
820909,68.59375,68.75,68.03125,68.1875,1979,19956
820910,67.75,67.8125,66.75,66.8125,3977,20207
820913,66.6875,67.875,66.40625,67.8125,3913,20553
820914,68.125,68.34375,67.375,67.875,3203,20467
820915,68.28125,68.75,67.1875,67.78125,5364,21066
820916,67.8125,68.09375,67.375,67.78125,3353,21760
820917,67.875,68.375,67.8125,68.34375,3274,22178
820920,68,69.03125,67.71875,68.59375,6263,23079
820921,68.59375,70.625,68.4375,70.25,5973,22650
820922,70.625,71.09375,70.03125,70.09375,7153,22423
820923,69.875,70.875,69.875,70.34375,8533,22523
820924,70.0625,70.1875,69.5,70,5303,21806
820927,69.71875,70.34375,69.71875,70.09375,1966,21915
820928,70.53125,71,70.40625,70.625,4482,21397
820929,70.75,70.96875,70.3125,70.4375,5108,21471
820930,70.15625,71.15625,70.0625,70.65625,5970,21898
821001,70.78125,71.59375,70.71875,71.59375,6158,21276
821004,70.5,70.90625,70.03125,70.09375,7721,22399
821005,70.28125,70.5625,70,70.40625,2831,21996
821006,70.59375,71.4375,70.5625,71.34375,7462,21379
821007,72.625,73.34375,72.4375,73.34375,13169,22027
821008,73.59375,74.9375,73.375,74.09375,15093,20912
821011,75.5,77.09375,75.46875,77.09375,6683,22244
821012,77.09375,77.59375,76.125,76.4375,10496,22141
821013,75.625,77.34375,75.40625,77.21875,8037,21611
821014,77,77.4375,76.03125,76.125,9325,21019
821015,76.25,76.25,75,75.375,6181,21596
821018,75.71875,76.5625,75.65625,76.46875,6098,21830
821019,77.125,77.78125,76.34375,76.75,7881,21944
821020,76.65625,76.71875,75.9375,76.40625,6087,21876
821021,76.6875,76.84375,75.875,76.4375,5262,22369
821022,76.40625,76.40625,75.53125,75.625,4562,22363
821025,74.46875,74.75,73.90625,73.96875,5678,22369
821026,74.21875,75,73.84375,74.5625,6109,22261
821027,74.71875,74.90625,73.9375,74.125,4567,21942
821028,74.21875,74.90625,74.21875,74.78125,4817,22375
821029,75.1875,75.84375,75.15625,75.78125,5465,22801
821101,75.9375,77.21875,75.8125,76.96875,6692,23596
821103,77.21875,78.71875,77.03125,77.84375,12242,24677
821104,77.9375,78.59375,77.4375,78.46875,13229,25956
821105,78.5625,78.5625,77.6875,77.9375,8781,26420
821108,77.625,77.90625,77.28125,77.5,9304,27717
821109,77.625,77.84375,77.3125,77.46875,7275,28458
821110,77.78125,78.0625,77.40625,77.53125,7286,29060
821111,77.15625,77.15625,76.65625,76.71875,5217,28712
821112,76.6875,77.375,76.625,77.09375,6319,29310
821115,76.875,76.90625,76.34375,76.65625,7517,29644
821116,76,76.28125,75.78125,75.875,9724,29938
821117,76.375,77.15625,76.34375,76.59375,10769,30853
821118,76.5,77.8125,76.25,77.75,13039,33376
821119,78.375,78.375,77.75,77.78125,15503,36378
821122,77.9375,78.125,77.0625,77.15625,18137,38568
821123,76.90625,77.34375,76.75,76.75,13258,40119
821124,76.90625,77.1875,76.5,76.5625,16667,42928
821126,76.625,76.90625,76.15625,76.3125,22027,48982
821129,76.3125,76.375,74.625,74.65625,67806,53994
821130,74.9375,75.375,74.40625,74.875,73740,55444
821201,75.1875,75.53125,74.5625,75,66246,58364
821202,75.03125,75.4375,74.9375,75.15625,55681,59877
821203,76.03125,76.84375,75.6875,76.5,61231,61644
821206,76.5625,77.03125,76.34375,76.71875,53540,63173
821207,77.3125,77.40625,76.34375,76.4375,64847,66397
821208,76.28125,76.375,75.34375,75.59375,59049,64951
821209,75.53125,75.9375,75.3125,75.84375,40672,66964
821210,75.65625,75.8125,74.5,74.71875,59301,69366
821213,74.84375,75.59375,74.5625,75.25,54570,67809
821214,76.96875,76.96875,75.75,76,58914,68997
821215,75.6875,75.96875,75.34375,75.65625,53890,67291
821216,75.59375,75.75,74.78125,74.875,45191,71834
821217,74.78125,75.21875,74.1875,75.03125,72742,74204
821220,74.75,74.875,74.4375,74.5,38282,69907
821221,74.8125,76.15625,74.6875,76.0625,59126,70179
821222,76.1875,76.6875,75.5625,75.78125,62942,69694
821223,75.90625,76.4375,75.71875,76.28125,21937,68554
821227,76.53125,77.1875,76.53125,77.125,32052,70742
821228,76.8125,77.375,76.65625,77.0625,36138,73261
821229,77.1875,77.1875,76.59375,76.65625,28718,72151
821230,76.71875,76.875,76.53125,76.625,23567,72203
830103,77.03125,77.75,77.03125,77.65625,48576,75670
830104,77.4375,77.46875,76.8125,77.125,65683,77937
830105,77.4375,77.5,76.75,76.8125,52804,77115
830106,76.65625,77.0625,76.4375,76.6875,57593,78930
830107,76.75,77.21875,76.5,76.59375,63184,78201
830110,76.46875,76.53125,76.21875,76.46875,50668,77858
830111,76.625,77.125,76.59375,76.75,50373,76649
830112,76.53125,77.0625,76.5,77,43481,77334
830113,77.25,77.5,76.90625,76.96875,55106,78179
830114,77.09375,77.375,76.78125,76.84375,47785,76339
830117,76.71875,77.09375,76.59375,76.84375,38775,75428
830118,76.6875,76.8125,76.375,76.5,45448,75224
830119,76.3125,76.375,75.4375,75.5625,75489,75133
830120,75.5,75.84375,75.4375,75.71875,47099,75339
830121,75.75,75.8125,74.59375,74.6875,66953,76435
830124,74.1875,74.46875,73.8125,74,68908,76856
830125,74.09375,74.625,74.09375,74.4375,51663,76819
830126,74.5625,74.5625,73.4375,73.75,74919,79062
830127,74.0625,74.375,73.53125,74.28125,63219,79519
830128,74.4375,74.53125,73.8125,73.875,48122,77799
830131,73.71875,73.71875,73.125,73.34375,47654,79543
830201,73.25,73.84375,73.21875,73.375,53502,78676
830202,73.125,73.875,72.78125,73.75,67135,78385
830203,73.875,74.1875,73.25,73.3125,77849,76008
830204,72.84375,73.125,72.59375,72.78125,56921,75572
830207,72.96875,73.375,72.9375,73.03125,41532,74654
830208,73.0625,73.40625,72.8125,72.875,48330,75283
830209,72.78125,72.9375,72.5625,72.875,42644,75003
830210,73.09375,74.15625,73.09375,74,63389,75510
830211,74.53125,74.9375,74.0625,74.125,70296,73386
830214,73.875,74.46875,73.78125,74.34375,43817,73173
830215,74.5625,74.6875,73.9375,73.96875,52313,71769
830216,73.78125,74.84375,73.71875,74.28125,73423,69494
830217,74.46875,75.125,74.375,75.03125,48540,67685
830218,75.15625,75.8125,75.15625,75.75,61057,66617
830222,76.0625,76.84375,76.0625,76.71875,72112,61433
830223,76.6875,77.15625,76.25,76.28125,77998,54435
830224,76.46875,76.78125,76.28125,76.625,54646,48104
830225,77.09375,77.90625,77.09375,77.65625,36096,36316
830228,77.6875,77.9375,77.25,77.3125,12544,31694
830301,77.1875,78.28125,77.15625,78.0625,12763,28727
830302,78.25,78.375,77.4375,77.78125,7228,26898
830303,78.1875,78.8125,77.90625,78.09375,5734,24705
830304,78.21875,78.3125,77.59375,77.8125,3410,23686
830307,77.46875,77.5,76.71875,76.875,4634,22572
830308,76.9375,77.03125,76.1875,76.3125,5500,21915
830309,76.40625,76.59375,76.0625,76.34375,2562,21295
830310,76.5,76.59375,75.875,75.96875,5165,20680
830311,75.84375,76.25,75.59375,75.65625,3346,19460
830314,75.78125,76.3125,75.6875,76.25,2677,18794
830315,76.28125,76.8125,76.1875,76.75,3766,17698
830316,76.46875,76.8125,76.1875,76.21875,2250,15484
830317,76.0625,76.375,76,76.03125,1733,13075
830318,76.125,76.3125,75.875,76.25,2005,12578
830321,75.875,76.53125,75.875,76.28125,3690,2609
830322,76.125,76.3125,76.03125,76.0625,2238,1352
