820325,65.28125,65.28125,65.03125,65.25,7,2050
820326,65.125,65.125,64.6875,64.6875,131,2106
820329,64.09375,64.25,64.09375,64.09375,71,2116
820330,64.15625,64.15625,63.875,63.875,7,2121
820331,64.15625,64.65625,64,64.65625,252,2307
820401,64.625,64.78125,64.625,64.78125,5,2310
820402,64.78125,64.78125,64.5,64.5,110,2368
820405,64.53125,64.53125,64,64,1,2369
820406,64,64.125,63.9375,64.125,10,2379
820407,64.15625,64.1875,64.125,64.1875,7,2376
820408,64.46875,65.25,64.46875,65.25,70,2386
820412,65.9375,66.03125,65.9375,66.03125,1,2385
820413,66.0625,66.09375,65.90625,65.90625,122,2463
820414,65.53125,65.53125,65.53125,65.53125,0,2463
820415,65.625,66.03125,65.625,66.03125,10,2463
820416,66.0625,66.75,66.0625,66.65625,18,2460
820419,66.28125,67.125,66.28125,66.9375,61,2469
820420,66.78125,66.9375,66.40625,66.4375,6,2469
820421,67,67,66.15625,66.15625,16,2484
820422,66.21875,66.46875,66.21875,66.46875,0,2484
820423,66.71875,66.71875,66.3125,66.34375,0,2484
820426,66.34375,66.65625,66.34375,66.65625,2,2484
820427,66.40625,66.65625,66.25,66.25,5,2484
820428,65.96875,66.15625,65.9375,66,25,2482
820429,65.5,65.75,65.5,65.75,42,2486
820430,65.75,65.75,65.5625,65.5625,28,2486
820503,65.5,65.5,65.1875,65.1875,19,2485
820504,65.0625,65.75,65.0625,65.75,15,2484
820505,65.90625,65.90625,65.75,65.75,10,2484
820506,66.34375,66.84375,66.3125,66.84375,98,2479
820507,66.90625,66.90625,66.8125,66.8125,40,2479
820510,66.5,66.625,66.4375,66.53125,324,2754
820511,66.375,66.84375,66.375,66.75,38,2753
820512,66.8125,66.8125,66.15625,66.15625,50,2772
820513,66.15625,66.21875,66.15625,66.21875,30,2772
820514,66.71875,66.71875,66.46875,66.46875,1,2773
820517,66.46875,66.46875,65.71875,65.71875,3,2770
820518,65.5625,66.125,65.5625,66.125,34,2776
820519,65.625,65.625,65.625,65.625,0,2776
820520,65.9375,66.3125,65.9375,66.3125,9,2777
820521,66.25,66.25,66.15625,66.15625,32,2776
820524,66.09375,66.1875,66.09375,66.1875,79,2786
820525,66.03125,66.1875,66,66.1875,146,2685
820526,66.375,66.375,65.65625,65.65625,67,2672
820527,65.65625,65.65625,65.21875,65.21875,285,2576
820528,65.15625,65.21875,64.625,64.625,503,2202
820601,64.28125,64.28125,63.53125,63.53125,106,2194
820602,63.6875,63.75,63.6875,63.75,50,2168
820603,63.875,63.875,63.5,63.5,2,2168
820604,63.28125,63.40625,63.125,63.25,154,2123
820607,63.03125,63.6875,63.03125,63.53125,61,2147
820608,63.5625,63.5625,63.25,63.28125,2,2145
820609,63.21875,63.5,63.21875,63.5,10,2135
820610,63.375,63.40625,63.21875,63.21875,335,1974
820611,63.71875,63.9375,63.71875,63.78125,33,1946
820614,63.15625,63.1875,62.78125,62.875,22,1968
820615,62.875,63.125,62.875,63.0625,77,1959
820616,63.09375,63.125,62.75,62.78125,21,1950
820617,62.21875,62.34375,62.03125,62.25,17,1962
820618,62.3125,62.3125,61.78125,61.78125,24,1960
820621,61.625,62.03125,61.59375,61.84375,71,2004
820622,61.75,62.09375,61.625,61.71875,15,1994
820623,61.40625,61.65625,61.1875,61.53125,16,1999
820624,61.5625,61.84375,61.3125,61.53125,17,2002
820625,61.53125,61.59375,61.53125,61.59375,1,2002
820628,61.625,61.9375,61.5625,61.9375,65,2021
820629,61.8125,62.28125,61.8125,62.28125,96,1998
820630,62.71875,62.84375,62.53125,62.84375,44,1991
820701,62.84375,63.0625,62.8125,62.8125,121,1964
820702,62.5625,62.5625,62.21875,62.28125,14,1965
820706,62.59375,62.59375,62.3125,62.375,31,1946
820707,62.0625,62.65625,62.0625,62.65625,5,1951
820708,62.75,63.46875,62.75,63.28125,53,1930
820709,63.71875,63.78125,63.53125,63.78125,24,1935
820712,64.40625,64.5625,64.28125,64.28125,29,1932
820713,63.90625,64,63.75,63.78125,18,1949
820714,63.875,63.875,63.5625,63.5625,0,1949
820715,63.875,63.96875,63.875,63.875,5,1950
820716,64,64.78125,64,64.78125,32,1945
820719,64.84375,65.125,64.8125,64.8125,87,1981
820720,65.15625,65.15625,65,65.125,66,1969
820721,65.21875,65.21875,64.6875,64.90625,63,1970
820722,64.75,65.375,64.75,65.125,222,1989
820723,65.28125,65.28125,64.90625,64.90625,181,2014
820726,64.5,64.5,63.90625,63.90625,282,1956
820727,63.65625,64.15625,63.65625,63.9375,52,1964
820728,63.875,63.90625,63.4375,63.5,5,1964
820729,63.78125,64.03125,63.75,63.96875,0,1964
820730,64.28125,64.3125,64.1875,64.21875,17,1964
820802,64.78125,65.21875,64.78125,65.21875,236,1844
820803,65.15625,65.34375,64.78125,64.78125,32,1839
820804,64.65625,64.78125,64.625,64.78125,13,1828
820805,64.375,64.8125,64.375,64.8125,15,1830
820806,64.34375,64.4375,63.96875,64.03125,9,1830
820809,63.75,64.53125,63.75,64.5,117,1814
820810,64.625,64.625,64.5625,64.5625,1,1815
820811,64.625,64.625,64.375,64.375,22,1815
820812,64.625,65.125,64.625,65.125,119,1840
820813,65.34375,65.9375,65.34375,65.8125,15,1849
820816,66.75,66.84375,66.3125,66.40625,241,1803
820817,66.8125,68.03125,66.8125,68.03125,33,1784
820818,69.15625,69.53125,68.75,68.9375,67,1768
820819,68.375,68.90625,68.375,68.71875,15,1768
820820,69.59375,69.59375,69.15625,69.15625,55,1765
820823,68.5,68.75,68.5,68.6875,16,1760
820824,69.125,69.625,69.125,69.53125,66,1805
820825,69.3125,69.53125,68.96875,68.96875,23,1814
820826,69.34375,69.5625,68.15625,68.28125,67,1780
820827,68,68,67.5625,67.65625,5,1775
820830,67.625,67.90625,67.4375,67.90625,60,1774
820831,67.78125,68.0625,67.78125,67.8125,5,1778
820901,68.34375,68.34375,67.96875,68.1875,57,1762
820902,68,68.84375,68,68.84375,2,1762
820903,69.78125,69.78125,69.15625,69.15625,6,1768
820907,69.25,69.4375,69.21875,69.21875,7,1763
820908,69.28125,69.53125,69.28125,69.53125,37,1763
820909,69.375,69.65625,69.0625,69.15625,51,1761
820910,68.5625,68.5625,67.875,67.875,193,1762
820913,67.65625,68.75,67.65625,68.75,86,1743
820914,68.84375,69.0625,68.53125,68.78125,5,1739
820915,69.40625,69.40625,68.34375,68.84375,27,1724
820916,68.65625,69.03125,68.5,68.75,67,1706
820917,69.03125,69.34375,68.90625,69.34375,3,1706
820920,68.875,69.6875,68.875,69.59375,67,1710
820921,70.03125,71.09375,69.90625,71,109,1705
820922,71,71.28125,70.6875,70.6875,155,1779
820923,70.59375,71.15625,70.46875,70.84375,26,1784
820924,70.5,70.59375,70.3125,70.59375,98,1751
820927,70.5,70.8125,70.5,70.625,36,1735
820928,71.0625,71.09375,70.875,70.90625,123,1748
820929,71.09375,71.09375,70.6875,70.6875,19,1748
820930,70.6875,71.0625,70.59375,70.9375,69,1740
821001,71.1875,71.625,71.1875,71.625,5,1737
821004,70.1875,70.59375,70.1875,70.53125,4,1737
821005,70.53125,70.78125,70.53125,70.78125,128,1671
821006,71.0625,71.65625,71.0625,71.5625,257,1612
821007,72.59375,73.5625,72.59375,73.5625,19,1613
821008,74.375,74.75,74.0625,74.15625,62,1627
821011,75.90625,77.15625,75.90625,76.96875,82,1621
821012,77,77,76.21875,76.21875,10,1616
821013,75.5,76.96875,75.5,76.96875,36,1618
821014,76.5,76.8125,76,76,6,1617
821015,75.65625,75.65625,75.15625,75.3125,27,1625
821018,75.875,76.1875,75.875,76.1875,79,1623
821019,76.75,76.8125,76.3125,76.46875,201,1682
821020,76.1875,76.1875,75.90625,76.03125,31,1694
821021,76.4375,76.4375,75.6875,75.96875,87,1719
821022,75.75,75.75,75.09375,75.1875,23,1704
821025,74.25,74.34375,73.75,73.75,244,1726
821026,73.9375,74.375,73.6875,74.34375,38,1702
821027,74.40625,74.40625,73.90625,73.90625,9,1703
821028,74.3125,74.46875,74.3125,74.46875,111,1702
821029,75,75.40625,75,75.40625,118,1689
821101,75.625,76.34375,75.625,76.34375,33,1718
821103,77.09375,77.46875,76.84375,77,120,1723
821104,77,77.59375,77,77.59375,63,1733
821105,77.28125,77.34375,77.09375,77.09375,29,1732
821108,76.6875,76.84375,76.53125,76.65625,0,1732
821109,76.625,76.90625,76.5625,76.5625,2,1732
821110,77,77.0625,76.625,76.65625,34,1736
821111,76.09375,76.09375,75.96875,75.96875,2,1736
821112,76.34375,76.40625,76.25,76.28125,17,1736
821115,75.78125,75.9375,75.6875,75.90625,131,1803
821116,75.34375,75.53125,75.21875,75.21875,131,1859
821117,75.71875,76.15625,75.65625,75.8125,151,1874
821118,75.6875,76.75,75.6875,76.75,78,1902
821119,77.21875,77.21875,76.90625,76.90625,188,1940
821122,77.03125,77.03125,76.1875,76.1875,42,1930
821123,76.03125,76.3125,75.75,75.75,22,1918
821124,75.90625,75.90625,75.375,75.375,6,1919
821126,75.3125,75.46875,75.09375,75.125,15,1923
821129,74.40625,74.46875,73.59375,73.65625,2920,2296
821130,74.15625,74.15625,73.53125,73.84375,2327,2193
821201,74.21875,74.21875,73.6875,73.8125,176,2155
821202,74.03125,74.03125,73.875,73.875,51,2186
821203,74.6875,75,74.6875,74.90625,109,2244
821206,75.1875,75.1875,74.84375,75,17,2249
821207,75.3125,75.4375,74.78125,74.78125,66,2281
821208,74.625,74.625,73.96875,73.96875,3,2279
821209,73.875,74.1875,73.875,74.1875,12,2278
821210,74.09375,74.09375,73.25,73.25,35,2269
821213,73.5625,73.875,73.34375,73.6875,160,2304
821214,75.0625,75.0625,74.25,74.28125,61,2264
821215,73.8125,74.125,73.8125,73.84375,224,2317
821216,73.8125,73.84375,73.0625,73.0625,3766,2862
821217,73.3125,73.3125,72.59375,73.125,677,3118
821220,72.78125,72.78125,72.53125,72.59375,77,3066
821221,72.84375,73.8125,72.84375,73.78125,4278,2992
821222,74.09375,74.09375,73.4375,73.4375,140,2986
821223,73.71875,73.9375,73.71875,73.875,55,2986
821227,74.125,74.625,74.125,74.53125,13,2998
821228,74.3125,74.71875,74.21875,74.46875,435,3109
821229,74.5625,74.5625,74.15625,74.1875,244,2988
821230,74.1875,74.3125,74.1875,74.21875,105,2953
830103,74.78125,75.1875,74.78125,75.1875,195,2869
830104,75.03125,75.03125,74.65625,74.9375,92,2825
830105,75.1875,75.25,74.625,74.6875,450,2719
830106,74.625,74.875,74.46875,74.59375,81,2725
830107,74.8125,74.96875,74.5,74.5,12,2716
830110,74.3125,74.40625,74.25,74.28125,86,2670
830111,74.46875,74.6875,74.40625,74.4375,302,2671
830112,74.25,74.59375,74.25,74.5625,49,2661
830113,74.78125,74.875,74.53125,74.53125,11,2663
830114,74.625,74.84375,74.21875,74.21875,26,2656
830117,74.125,74.34375,74.125,74.3125,16,2646
830118,74.1875,74.1875,73.96875,73.96875,942,2378
830119,73.53125,73.53125,72.75,72.9375,45,2379
830120,72.9375,73.125,72.90625,73.125,523,2149
830121,72.6875,72.6875,72.28125,72.40625,147,2198
830124,72.125,72.15625,71.78125,71.84375,33,2204
830125,72.0625,72.25,72.0625,72.1875,51,2168
830126,72,72,71.375,71.46875,48,2157
830127,71.40625,71.9375,71.40625,71.875,6,2155
830128,71.875,72,71.53125,71.53125,6,2156
830131,71.21875,71.21875,71,71.0625,32,2156
830201,71.0625,71.40625,71.0625,71.09375,1200,2827
830202,70.6875,71.375,70.6875,71.375,122,2705
830203,71.375,71.65625,70.9375,70.9375,25,2680
830204,70.5625,70.6875,70.4375,70.4375,1537,3125
830207,70.6875,70.84375,70.6875,70.6875,409,3295
830208,70.78125,70.90625,70.53125,70.53125,2,3296
830209,70.46875,70.53125,70.4375,70.53125,15,3296
830210,70.84375,71.53125,70.84375,71.53125,0,3296
830211,72.15625,72.15625,71.71875,71.71875,667,3798
830214,71.78125,71.9375,71.71875,71.9375,1124,4776
830215,72.09375,72.09375,71.53125,71.53125,222,4766
830216,71.46875,72.125,71.46875,71.65625,360,4776
830217,71.75,72.28125,71.75,72.28125,177,4769
830218,72.5,72.875,72.5,72.875,209,4767
830222,73.46875,73.84375,73.46875,73.84375,50,4767
830223,74.09375,74.15625,73.53125,73.53125,28,4781
830224,73.6875,73.875,73.6875,73.875,10,4785
830225,74.6875,74.96875,74.625,74.75,482,4778
830228,75,75.03125,74.5625,74.625,60,4808
830301,74.625,75.4375,74.625,75.4375,622,5021
830302,75.46875,75.46875,74.9375,75.03125,18,5029
830303,75.8125,75.8125,75.34375,75.5,154,5043
830304,75.53125,75.53125,75.25,75.34375,327,5174
830307,75,75,74.3125,74.375,146,5197
830308,74.46875,74.46875,73.6875,73.6875,871,5287
830309,73.59375,73.84375,73.5625,73.75,196,5342
830310,73.90625,73.90625,73.34375,73.34375,352,5408
830311,73.375,73.53125,72.9375,73,35,5418
830314,73.125,73.53125,73.09375,73.5,147,5424
830315,73.71875,73.9375,73.53125,73.9375,101,5424
830316,73.625,74,73.53125,73.5625,2483,6436
830317,73.46875,73.625,73.40625,73.53125,72,6436
830318,73.53125,73.75,73.4375,73.75,42,6430
830321,73.5,73.90625,73.5,73.78125,109,6469
830322,73.59375,73.78125,73.46875,73.71875,17,6478
830323,74.0625,74.65625,73.875,74.65625,19,6480
830324,74.875,74.90625,74.5625,74.625,671,6470
830325,74.71875,74.71875,74,74,474,6530
830328,73.96875,74.15625,73.875,74.0625,124,6466
830329,74.34375,74.46875,74.15625,74.40625,0,6466
830330,74.71875,74.71875,74.375,74.375,55,6471
830331,74.25,74.375,74.09375,74.09375,4,6471
830404,74.15625,74.375,74.15625,74.375,7,6478
830405,74.5625,75.1875,74.5625,75.1875,92,6443
830406,75.375,75.375,75.1875,75.21875,798,6783
830407,75.28125,75.28125,75,75.0625,485,6867
830408,75.0625,75.09375,74.90625,74.90625,142,6919
830411,75.59375,75.625,75.53125,75.53125,59,6921
830412,75.625,75.65625,75.34375,75.4375,227,6988
830413,75.53125,75.75,75.46875,75.75,107,6944
830414,75.90625,76.53125,75.75,76.53125,89,6906
830415,76.5625,76.5625,76.34375,76.34375,44,6902
830418,76.40625,76.75,76.40625,76.71875,170,6844
830419,76.53125,76.53125,75.78125,75.78125,135,6850
830420,75.75,75.8125,75.40625,75.6875,311,7100
830421,75.59375,75.59375,75.15625,75.1875,31,7087
830422,75.1875,75.3125,75.09375,75.3125,10,7089
830425,75.5625,75.65625,75.46875,75.46875,9,7084
830426,75.3125,75.75,75.3125,75.75,74,7089
830427,75.9375,76.46875,75.9375,76.21875,13,7092
830428,76.28125,76.40625,76.25,76.40625,27,7065
830429,76.5625,76.65625,76.46875,76.65625,80,7048
830502,76.875,76.875,76.46875,76.46875,138,6957
830503,76.40625,76.65625,76.375,76.65625,171,6807
830504,76.8125,77.28125,76.8125,77.28125,27,6815
830505,77.25,77.46875,77,77,1027,6765
830506,76.9375,77.40625,76.9375,77.28125,142,6691
830509,77,77,76.5,76.59375,33,6706
830510,76.65625,77.09375,76.59375,77.09375,60,6708
830511,77.125,77.125,76.84375,76.84375,231,6565
830512,76.75,76.75,76.3125,76.3125,69,6544
830513,76.40625,76.65625,76.40625,76.4375,166,6558
830516,75.65625,75.71875,75.375,75.375,131,6663
830517,75.21875,75.375,75.09375,75.09375,44,6636
830518,75.09375,75.125,74.96875,74.96875,102,6665
830519,75,75.09375,74.21875,74.21875,58,6657
830520,74.5,74.5,73.875,74,41,6659
830523,73.46875,73.96875,73.46875,73.96875,194,6746
830524,73.875,74.28125,73.8125,74.28125,713,7012
830525,74.4375,74.5,74.15625,74.15625,532,6984
830526,74.21875,74.21875,73.8125,73.8125,362,7170
830527,74.03125,74.03125,73.75,73.8125,190,7217
830531,73.1875,73.28125,72.65625,72.65625,532,7142
830601,72.6875,73.125,72.6875,72.96875,169,7117
830602,73.375,73.5,72.96875,73,210,7085
830603,72.8125,73,72.8125,72.96875,163,7072
830606,72.9375,73.40625,72.875,73.40625,445,7199
830607,73.53125,73.59375,72.9375,73,1050,7401
830608,72.9375,73.09375,72.5,72.65625,833,7408
830609,73.15625,73.15625,72.84375,73.0625,333,7652
830610,73.3125,73.3125,72.96875,72.96875,191,7703
830613,73.71875,73.9375,73.28125,73.9375,375,7714
830614,73.6875,73.8125,73.59375,73.6875,76,7718
830615,73.53125,74.125,73.53125,74.0625,259,7688
830616,74.25,74.59375,74.0625,74.59375,79,7678
830617,74.46875,74.46875,74.15625,74.3125,5239,7784
830620,74.1875,74.1875,73.71875,73.78125,869,7761
830621,73.5625,73.84375,73.40625,73.84375,298,7690
830622,73.84375,73.84375,73.5,73.5625,476,7830
830623,73.4375,73.5625,73.0625,73.46875,377,7820
830624,73.375,73.375,72.53125,72.53125,269,7875
830627,72.34375,72.4375,71.78125,71.875,108,7885
830628,72.15625,72.40625,72.09375,72.125,1515,8281
830629,72.25,72.5625,72.25,72.53125,329,8204
830630,72.6875,72.90625,72.6875,72.78125,382,8048
830701,72.78125,72.84375,72.75,72.84375,199,8136
830705,71.3125,71.5,71.25,71.34375,1820,8516
830706,71.5,71.65625,71.34375,71.59375,327,8659
830707,71,71.15625,70.8125,71,1505,9361
830708,71,71.03125,70.46875,70.5,332,9355
830711,70.875,71.1875,70.875,70.90625,80,9350
830712,70.8125,70.8125,70.125,70.15625,60,9290
830713,70.03125,70.46875,70.03125,70.21875,358,9290
830714,70.59375,70.9375,70.375,70.4375,609,9293
830715,70.25,70.3125,69.875,70.28125,1353,8826
830718,70.5625,70.9375,70.40625,70.9375,406,9059
830719,71.125,71.25,70.9375,71.0625,683,9197
830720,72.03125,72.03125,71.34375,71.34375,657,8882
830721,71.3125,71.34375,70.9375,70.9375,30,8880
830722,70.75,70.78125,70,70.125,376,8872
830725,69.59375,70.71875,69.59375,70.6875,295,8784
830726,70.5625,70.5625,70,70.0625,344,8584
830727,70.15625,70.25,69.8125,69.875,300,8443
830728,69.75,69.875,68.6875,68.71875,198,8462
830729,68.75,68.84375,67.5625,68.1875,815,8748
830801,68.34375,68.4375,67.8125,68.21875,819,9010
830802,67.90625,68.59375,67.90625,68.46875,1009,8846
830803,68.5,68.5625,68.09375,68.34375,639,8295
830804,68.1875,68.1875,67,67.28125,738,8098
830805,67.21875,67.59375,67.15625,67.34375,600,8341
830808,67.25,67.25,66.6875,66.96875,349,8452
830809,67.0625,67.4375,67.0625,67.28125,298,8514
830810,67.15625,67.21875,66.71875,67.09375,455,8444
830811,67.625,67.75,67.375,67.65625,1562,8723
830812,68.09375,68.40625,67.96875,68.34375,361,8828
830815,69.40625,69.4375,69,69.34375,196,8736
830816,69.1875,69.71875,69.1875,69.4375,185,8761
830817,69.65625,70.09375,69.5,70.09375,126,8736
830818,70,70.40625,69.65625,69.65625,557,8769
830819,69.71875,69.71875,68.84375,68.96875,117,8652
830822,70.09375,70.6875,70.0625,70.6875,329,8323
830823,70.5625,70.625,70.15625,70.34375,296,8222
830824,70.5625,70.78125,70.40625,70.5625,100,8201
830825,70.75,70.96875,70.03125,70.125,131,8164
830826,69.75,70.21875,69.65625,70.21875,8,8232
830829,69.3125,69.3125,68.75,68.8125,135,8250
830830,68.9375,69.03125,68.375,68.375,88,8228
830831,68.0625,68.28125,67.8125,68.0625,160,8206
830901,68.375,68.5,68.09375,68.21875,30,8190
830902,67.96875,68.09375,67.96875,68.03125,61,8160
830906,69.3125,69.3125,68.875,68.90625,43,8141
830907,68.96875,69.625,68.96875,69.625,69,8106
830908,69.75,69.75,69.4375,69.4375,9,8097
830909,69.65625,69.78125,69.59375,69.71875,8,8098
830912,71.125,71.125,70.375,70.375,173,8087
830913,70.40625,70.53125,70.09375,70.125,385,8217
830914,69.90625,69.9375,69.375,69.40625,610,8602
830915,69.28125,69.46875,68.9375,69.03125,1330,8641
830916,69.21875,70.0625,69.1875,69.96875,1312,8779
830919,70,70.4375,69.84375,70,28,8779
830920,70.59375,70.65625,70.25,70.40625,132,8764
830921,70.84375,70.84375,70.09375,70.21875,94,8671
830922,70.03125,70.59375,69.78125,70.5,127,8613
830923,71.09375,71.3125,70.90625,71.25,488,8909
830926,71.59375,71.65625,71.3125,71.5625,45,8887
830927,71.25,71.46875,71.125,71.34375,161,8729
830928,71.5625,71.5625,71.09375,71.125,2815,8563
830929,70.90625,71.1875,70.75,71.15625,1512,8563
830930,71.34375,71.4375,71.21875,71.34375,126,8521
831003,71.40625,71.40625,71.0625,71.1875,175,8503
831004,71.125,71.5,71.0625,71.15625,148,8517
831005,71.53125,71.875,71.4375,71.875,48,8501
831006,71.875,72.0625,71.78125,71.90625,1309,9207
831007,71.90625,71.90625,71.59375,71.59375,642,8831
831010,71,71.21875,70.90625,71.15625,295,8930
831011,71.03125,71.0625,70.1875,70.21875,422,8833
831012,70,70.21875,69.9375,70,5720,8856
831013,70.125,70.1875,69.59375,69.71875,6656,8868
831014,69.9375,70.15625,69.9375,70.125,125,8993
831017,70.5,70.625,70.3125,70.5625,254,8768
831018,70.46875,70.75,70.15625,70.15625,446,9075
831019,70.09375,70.625,70.09375,70.53125,203,9030
831020,70.375,70.71875,70.28125,70.65625,260,9108
831021,70.53125,71.0625,70.53125,71,244,9062
831024,69.8125,69.90625,69.59375,69.59375,132,9113
831025,69.6875,69.6875,69.1875,69.4375,2507,8842
831026,69.59375,69.59375,69.25,69.59375,395,8818
831027,69.3125,69.71875,69.28125,69.65625,532,9038
831028,69.625,69.75,69.4375,69.4375,69,9063
831031,69.4375,69.59375,69.09375,69.15625,79,9079
831101,69,69.28125,68.96875,69.28125,1545,9079
831102,69.3125,69.46875,69.1875,69.3125,193,9066
831103,69.125,69.25,68.78125,68.90625,79,9113
831104,68.59375,68.59375,68.375,68.40625,160,9071
831107,68.3125,68.5,68.3125,68.46875,172,9224
831108,68.5625,68.65625,68.5625,68.59375,843,9396
831109,68.625,68.78125,68.625,68.71875,270,9307
831110,68.8125,69.40625,68.8125,69.375,1859,10098
831111,69.6875,70.125,69.6875,70.09375,678,9966
831114,69.875,69.90625,69.625,69.625,307,9677
831115,69.40625,69.5625,69.28125,69.53125,1126,10551
831116,69.59375,69.875,69.40625,69.40625,298,10546
831117,69.21875,69.28125,69.09375,69.28125,745,10780
831118,69.25,69.28125,69.125,69.21875,396,10772
831121,69.46875,69.71875,69.3125,69.71875,162,10780
831122,70,70.1875,69.875,70.1875,357,11034
831123,70,70.09375,69.96875,70,647,11375
831125,70.125,70.3125,70.125,70.28125,53,11322
831128,70.15625,70.15625,69.75,69.84375,1229,11669
831129,69.8125,70.4375,69.6875,70.375,234,11734
831130,70.3125,70.53125,70.0625,70.0625,874,11974
831201,69.9375,70.09375,69.84375,70.03125,452,12266
831202,69.625,69.6875,69.28125,69.28125,542,12369
831205,69.03125,69.28125,68.96875,69.28125,510,12463
831206,69.3125,69.34375,69.0625,69.15625,809,12639
831207,69,69.125,68.90625,69,72,12646
831208,68.78125,68.78125,68.375,68.4375,312,12719
831209,68.46875,68.53125,68.28125,68.3125,5137,13218
831212,68.25,68.625,68.21875,68.46875,948,13441
831213,67.71875,68,67.71875,67.90625,2611,13575
831214,67.9375,68.09375,67.625,67.75,5717,13736
831215,67.65625,68.0625,67.65625,67.90625,3741,13592
831216,68.375,68.5,68.21875,68.4375,470,13911
831219,68.5,68.5,68.28125,68.4375,357,13620
831220,68.59375,68.71875,68.34375,68.34375,199,13762
831221,68.625,68.75,68.4375,68.5625,542,13965
831222,68.71875,69,68.6875,68.96875,79,13944
831223,69,69.0625,68.84375,68.9375,1761,14224
831227,69.1875,69.34375,69.0625,69.3125,641,14222
831228,69.21875,69.21875,68.90625,68.9375,885,14443
831229,69.1875,69.3125,69,69.125,3445,14882
831230,69.03125,69.03125,68.90625,68.96875,2850,15371
840103,68.6875,68.71875,68.46875,68.65625,4821,12173
840104,68.5,69.125,68.5,69.09375,2954,12138
840105,69.28125,69.40625,68.96875,69.0625,3458,12238
840106,68.875,69.28125,68.875,69.25,2579,11401
840109,68.9375,69.3125,68.9375,69.1875,699,11436
840110,69.59375,69.625,69.46875,69.5625,742,11466
840111,69.375,69.5,69.375,69.375,74,11417
840112,69.34375,69.40625,69.3125,69.34375,278,11525
840113,69.8125,70.46875,69.8125,70.3125,3664,10262
840116,70.21875,70.59375,70.21875,70.5,4930,10116
840117,70.59375,70.59375,70.28125,70.34375,806,10420
840118,70.34375,70.34375,70.03125,70.125,278,10338
840119,70.0625,70.3125,70.0625,70.28125,1148,10572
840120,70.15625,70.1875,69.90625,70.03125,199,10373
840123,69.96875,70.25,69.96875,70.09375,148,10225
840124,70.09375,70.21875,70.03125,70.0625,51,10183
840125,70.0625,70.125,69.84375,69.90625,511,10272
840126,69.96875,70.03125,69.875,70,2439,11334
840127,70.125,70.1875,69.96875,69.96875,58,11356
840130,70.0625,70.1875,69.75,69.75,280,11229
840131,69.75,69.84375,69.625,69.65625,535,11297
840201,69.71875,69.8125,69.625,69.78125,117,11354
840202,69.9375,70.25,69.90625,70.25,1353,11890
840203,70.15625,70.1875,70.0625,70.09375,293,11965
840206,69.8125,69.84375,69.5625,69.71875,634,12095
840207,69.6875,69.6875,69.4375,69.5625,227,12057
840208,69.5625,69.625,69.34375,69.46875,441,12011
840209,69.28125,69.34375,69.15625,69.28125,677,12042
840210,69.09375,69.125,68.84375,68.84375,1073,12289
840213,68.71875,68.75,68.46875,68.5,243,12309
840214,68.4375,68.84375,68.40625,68.65625,342,12388
840215,68.625,68.9375,68.625,68.8125,299,12375
840216,68.625,68.90625,68.625,68.71875,164,12395
840217,68.375,68.5625,68.15625,68.15625,735,12421
840221,68.1875,68.34375,68.0625,68.34375,492,12569
840222,68.4375,68.46875,68.1875,68.1875,2200,11898
840223,67.8125,67.9375,67.375,67.4375,4748,12821
840224,67.75,67.875,67.65625,67.8125,925,13264
840227,67.90625,67.9375,67.4375,67.5,1435,13723
840228,67.40625,67.5625,67.15625,67.28125,4993,12716
840229,67.46875,67.875,67.46875,67.71875,1655,12870
840301,67.4375,67.625,67.21875,67.625,2308,12773
840302,68.0625,68.15625,67.9375,68,1343,12719
840305,67.9375,67.9375,67.5625,67.5625,653,12796
840306,67.34375,67.6875,67.21875,67.28125,2835,12526
840307,67.3125,67.4375,66.53125,66.6875,9344,12953
840308,66.625,66.71875,66.3125,66.5625,2194,13277
840309,66.25,66.5625,66.03125,66.5,2950,13480
840312,66.40625,66.8125,66.375,66.5625,1667,13421
840313,66.71875,66.9375,66.375,66.375,3315,14119
840314,66.125,66.34375,65.9375,66.28125,4248,14690
840315,66.15625,66.4375,66.125,66.25,1510,14634
840316,66.6875,66.8125,66,66,3074,15266
840319,65.71875,65.84375,65.34375,65.46875,3545,14560
840320,65.125,65.8125,65.125,65.6875,3438,14408
840321,65.59375,66,65.59375,65.6875,4079,14117
840322,65.375,65.65625,65.25,65.625,3769,14546
840323,65.84375,65.875,65.46875,65.625,2962,15192
840326,65.84375,66.0625,65.78125,65.90625,2536,15911
840327,66.25,66.28125,65.78125,65.8125,2234,15595
840328,65.875,66.21875,65.65625,66.1875,4633,16405
840329,66.21875,66.46875,66.09375,66.375,3933,16596
840330,65.875,66.0625,65.625,65.65625,3852,16409
840402,65.90625,66.15625,65.53125,65.625,5302,17144
840403,65.34375,65.53125,65,65.21875,5352,17579
840404,65.21875,65.375,64.84375,65,4679,18053
840405,65.21875,65.375,64.90625,65.09375,4625,18302
840406,65.59375,65.8125,65.5,65.75,4453,17655
840409,65.78125,66.125,65.59375,66.03125,4950,18274
840410,66.1875,66.1875,65.75,65.78125,4138,18615
840411,65.8125,65.9375,65.65625,65.875,2690,18611
840412,66.21875,66.375,66.09375,66.34375,3027,18825
840413,66.46875,66.46875,65.46875,65.5,9167,17697
840416,65.375,65.375,64.875,65.09375,6853,17764
840417,65.3125,65.375,65.125,65.34375,3252,17579
840418,65.25,65.28125,64.625,64.625,5151,18270
840419,64.375,64.5,64.1875,64.375,5021,18747
840423,64.5625,64.8125,64.3125,64.34375,4219,19419
840424,64.4375,64.71875,64.09375,64.6875,5545,20010
840425,64.59375,64.875,64.53125,64.8125,3258,19969
840426,64.84375,65.125,64.84375,65,3917,19691
840427,64.75,64.78125,64.21875,64.40625,5274,20201
840430,64.1875,64.3125,63.9375,64.125,5390,20603
840501,64.21875,64.40625,64.125,64.15625,4111,21108
840502,63.9375,63.96875,63.78125,63.9375,6967,22599
840503,63.90625,64.125,63.71875,63.78125,7200,23202
840504,63.59375,63.625,62.875,62.96875,16390,25014
840507,62.9375,63.03125,62.59375,62.625,7280,25562
840508,62.46875,63.03125,62.46875,62.9375,16249,29309
840509,62.6875,62.90625,62.15625,62.15625,14914,30699
840510,62.09375,62.5625,61.875,62.03125,21688,34995
840511,61.625,61.84375,60.03125,60.8125,25278,37974
840514,61.15625,61.5625,60.125,60.65625,20936,39816
840515,60.5,61.375,60.28125,61.21875,24291,44780
840516,61.4375,61.90625,60.96875,61.6875,20414,47948
840517,61.4375,61.5,60.84375,60.9375,16275,51639
840518,61,61.6875,60.9375,61.375,22957,58530
840521,61.9375,62,61.34375,61.4375,19627,61590
840522,61.1875,61.25,60.96875,61.09375,12619,63608
840523,61.28125,61.40625,61,61.0625,21452,68713
840524,60.53125,60.71875,59.78125,60.0625,51463,78053
840525,60.375,60.5,59.625,60.09375,36774,82049
840529,60.25,60.28125,59.59375,59.6875,31655,87048
840530,59.46875,59.5625,58.75,59.25,172664,106119
840531,59.4375,59.90625,59.34375,59.46875,140710,108494
840601,60.1875,61,59.71875,60.90625,152580,112703
840604,61.0625,61.78125,60.96875,61.71875,142714,115773
840605,61.59375,61.84375,61.1875,61.6875,133451,116950
840606,61.5,61.75,61,61.15625,127479,124360
840607,60.9375,61,60.40625,60.875,135570,127657
840608,60.90625,61.28125,60.625,61.125,85672,128918
840611,61.0625,61.125,60.5,60.59375,86038,132787
840612,60.65625,60.90625,60.4375,60.875,103672,135756
840613,61.40625,61.6875,61.03125,61.5,129848,140460
840614,61.3125,62.03125,61.25,61.84375,127133,137753
840615,62.8125,62.875,62.28125,62.84375,132836,138916
840618,62.59375,62.8125,62.15625,62.6875,105744,140115
840619,62.5,62.5625,62.09375,62.15625,120882,138261
840620,61.0625,61.15625,60.5,60.71875,189883,143721
840621,60.71875,60.9375,60.3125,60.40625,133754,146375
840622,60.15625,60.375,59.9375,60.21875,102883,144533
840625,60.5,60.625,60.25,60.34375,73216,145117
840626,60.28125,60.375,59.9375,60.0625,95108,147162
840627,60.375,60.59375,60.09375,60.125,81080,146085
840628,60.0625,60.125,59.71875,59.875,78503,143862
840629,59.6875,59.8125,59.5,59.625,68597,146567
840702,59.53125,59.71875,59.375,59.6875,46645,148354
840703,59.625,60.53125,59.53125,60.5,132896,146221
840705,60.6875,60.96875,60.15625,60.625,127786,144212
840706,60.0625,60.6875,59.90625,60.65625,80413,144840
840709,60.78125,62.25,60.78125,62.125,147762,143549
840710,62.25,62.625,61.8125,61.96875,165216,146063
840711,61.78125,62.40625,61.625,61.65625,148750,141253
840712,61.9375,62.5625,61.9375,62.53125,105900,147115
840713,63.0625,63.46875,62.78125,62.96875,144638,145632
840716,63.0625,63.46875,62.625,62.875,141855,141382
840717,62.625,62.65625,62.28125,62.5,91847,138578
840718,62.375,62.78125,62.34375,62.71875,82335,135609
840719,62.9375,63.15625,62.6875,62.9375,78410,134065
840720,63.09375,63.28125,62.1875,62.1875,116079,129878
840723,61.875,62.6875,61.65625,62.59375,106388,131046
840724,63.125,63.25,62.59375,62.65625,118106,131489
840725,62.71875,64.46875,62.5,64.21875,200211,133419
840726,64.09375,64.84375,63.875,64.59375,168658,135233
840727,64.46875,64.78125,64.15625,64.28125,114332,128824
840730,63.9375,64.125,63.6875,63.78125,75257,126012
840731,63.9375,64.5625,63.875,64.5,122967,130642
840801,64.625,65.4375,64.28125,64.84375,146008,126583
840802,65,65.4375,65,65.1875,118539,127982
840803,66.0625,66.21875,65.625,65.96875,115674,129642
840806,65.6875,65.75,65.15625,65.1875,103808,130148
840807,65.0625,65.8125,64.9375,65.4375,156488,130735
840808,65.78125,65.96875,65.46875,65.625,125426,131227
840809,65.46875,66.40625,65.375,66.125,143998,133965
840810,66.71875,66.71875,65.65625,65.71875,145543,130662
840813,65.3125,65.53125,65.09375,65.4375,94408,125960
840814,65.84375,65.90625,65.15625,65.59375,126650,124990
840815,65.6875,65.9375,65.09375,65.21875,127565,125170
840816,64.9375,65.875,64.84375,65.75,143474,126265
840817,65.875,66.25,65.5,66.0625,98939,124236
840820,65.90625,66.40625,65.75,66.3125,102073,122552
840821,66.21875,66.75,66.15625,66.71875,101324,115308
840822,66.65625,66.90625,66.15625,66.1875,121814,113128
840823,66.1875,66.25,65.8125,66.03125,108227,107391
840824,66.125,66.15625,65.96875,66.125,36124,100653
840827,65.875,65.875,65.21875,65.3125,75645,106427
840828,65.4375,65.6875,65.28125,65.5625,73191,91950
840829,65.6875,65.6875,65.28125,65.40625,78160,85431
840830,65.3125,65.625,65.1875,65.59375,26743,73096
840831,65.40625,65.90625,65.3125,65.8125,13469,67653
840904,65.625,65.6875,65.21875,65.46875,12694,64366
840905,65.125,65.4375,65,65.375,21158,62585
840906,65.4375,66.5,65.375,66.3125,17757,57890
840907,66.625,67,66.34375,66.625,10550,56882
840910,66.21875,67.15625,66.125,67.125,19233,53826
840911,67.375,67.8125,67.25,67.4375,12656,50351
840912,67.125,67.65625,67.0625,67.4375,5987,49193
840913,67.71875,68.0625,67.71875,68.03125,7413,47110
840914,68.78125,69.03125,68.09375,68.09375,10074,44008
840917,67.90625,68.34375,67.78125,68.3125,5175,42964
840918,68.46875,68.59375,68.09375,68.5,7510,41228
840919,68.65625,69.1875,68.34375,69.09375,23017,21069
