810401,68.875,68.875,68.6875,68.6875,51,510
810402,68.5625,68.5625,67.90625,67.90625,1,511
810403,67.78125,67.78125,67.78125,67.78125,0,511
810406,67.15625,67.15625,66.375,66.71875,1,511
810407,67.125,67.84375,66.9375,67.84375,21,531
810408,67.5625,67.5625,66.96875,66.96875,0,531
810409,67.1875,67.90625,66.9375,67.90625,1,531
810410,67.75,67.75,67.4375,67.5625,0,531
810413,66.46875,67.28125,66.46875,67.28125,8,539
810414,67.59375,68.0625,67.59375,67.8125,32,563
810415,68.03125,68.09375,67.375,67.375,283,838
810416,67.25,67.5625,67.09375,67.09375,50,872
810420,67.46875,68.5,67.46875,68.28125,241,1060
810421,68.1875,68.46875,67.9375,67.9375,85,1134
810422,68.125,68.125,67.71875,67.71875,28,1135
810423,68.03125,68.09375,67.59375,67.625,442,1433
810424,68,68,67.3125,67.375,81,1473
810427,67.46875,67.5,67.15625,67.15625,277,1646
810428,67.15625,67.34375,67.15625,67.34375,0,2082
810429,67.3125,67.3125,66.9375,66.96875,64,2103
810430,67.125,67.125,66.625,66.625,64,2103
810501,67.125,67.125,66.625,66.625,605,2495
810504,66.84375,66.9375,66.6875,66.9375,623,2936
810505,65.25,65.5625,65.15625,65.5625,596,3298
810506,66.1875,66.1875,65.96875,66.03125,122,3352
810507,66.21875,67,66.21875,67,618,3554
810508,67.125,67.28125,67.0625,67.28125,81,3562
810511,66.90625,66.96875,66.28125,66.28125,1,3563
810512,66.28125,66.5625,66.21875,66.21875,118,3673
810513,66.40625,66.5,66.28125,66.28125,16,3679
810514,66.5625,67.40625,66.25,67.40625,0,3721
810515,67.375,67.90625,67.375,67.5625,103,3824
810518,68.46875,68.75,68.28125,68.4375,23,3842
810519,68.03125,68.03125,67.4375,67.78125,28,3845
810520,67.46875,68.0625,67.375,68.0625,18,3858
810521,67.78125,67.875,67.34375,67.875,145,3877
810522,68.34375,68.59375,68.25,68.5,117,3978
810526,69.09375,69.15625,68.875,68.875,6,3980
810527,68.96875,68.96875,68.5625,68.78125,32,4051
810528,69.1875,69.5625,69.09375,69.09375,76,4111
810529,68.84375,69.09375,68.75,69,7,4117
810601,69.3125,69.40625,68.96875,69,8,4119
810602,68.8125,69,68.6875,68.875,25,4129
810603,69,69.15625,68.75,69.15625,25,4128
810604,69.1875,69.53125,69.0625,69.53125,353,4193
810605,69,69.40625,69,69.21875,174,4335
810608,70.21875,70.21875,69.65625,70.0625,223,4546
810609,69.71875,69.8125,69.65625,69.65625,396,4887
810610,70.3125,70.3125,69.875,69.875,307,4993
810611,69.71875,69.90625,69.6875,69.90625,424,5058
810612,69.8125,70.03125,69.78125,70.03125,234,5147
810615,70.96875,70.96875,70.59375,70.59375,0,2674
810616,67.15625,67.5,67.15625,67.5,10,2676
810617,67.375,67.375,67,67,0,5723
810618,69.875,69.875,69.15625,69.1875,205,5728
810619,69.21875,69.71875,69.21875,69.71875,296,5921
810622,69.6875,69.875,69.6875,69.8125,3523,8477
810623,69.8125,69.875,69.0625,69.0625,311,8676
810624,68.9375,68.9375,68.5,68.625,147,8734
810625,68.375,68.6875,68.3125,68.375,350,9041
810626,68.28125,68.71875,68.1875,68.28125,2415,9744
810629,68.71875,68.71875,68.3125,68.3125,1999,11070
810630,68.25,68.3125,67.28125,67.3125,4806,12113
810701,66.90625,67,66.59375,66.84375,347,11895
810702,66.9375,67.34375,66.9375,67.34375,767,12113
810706,67.15625,68.125,67.15625,68.125,731,11872
810707,67.8125,67.8125,67.1875,67.25,28,11868
810708,67.28125,67.71875,67,67.71875,224,11923
810709,67.40625,67.71875,67.25,67.3125,204,12015
810710,68,68.0625,67.6875,68,8725,20097
810713,67.75,68,67.71875,67.71875,251,20159
810714,67.46875,67.5625,67.375,67.375,0,20159
810715,67.78125,68.125,67.78125,67.90625,148,20164
810716,67.65625,67.78125,67.5625,67.5625,1242,20414
810717,67.6875,67.75,67.65625,67.6875,312,20524
810720,66.28125,66.625,66,66.03125,160,20646
810721,65.90625,66.5,65.90625,66.5,229,20713
810722,66.34375,66.6875,66.3125,66.3125,171,20799
810723,66.46875,66.65625,66.34375,66.59375,58,20815
810724,66.90625,67.09375,66.90625,67.09375,72,20832
810727,66.71875,66.71875,66.5625,66.71875,15,20842
810728,66.6875,66.6875,66.40625,66.59375,416,20853
810729,66.78125,66.84375,65.8125,65.8125,402,20872
810730,65.5,65.5625,65.5,65.5,416,20727
810731,65.59375,65.625,65.25,65.25,10,20719
810803,64.75,64.75,64.1875,64.3125,383,20690
810804,64.25,65,64,64.8125,406,20613
810805,64.65625,64.90625,64.65625,64.84375,578,20142
810806,64.90625,65.25,64.875,64.875,258,19963
810807,64.96875,65.09375,64.96875,65.09375,169,19821
810810,65.5625,65.875,65.5,65.84375,62,19796
810811,66,66.84375,66,66.71875,571,19441
810812,66.40625,66.53125,66.0625,66.0625,62,19390
810813,65.9375,66.3125,65.84375,65.875,26,19364
810814,65.75,65.875,65.28125,65.28125,242,19285
810817,65.75,65.78125,65.6875,65.6875,50,19285
810818,65.53125,65.5625,65.375,65.375,63,19216
810819,65.75,65.75,65.46875,65.46875,81,19158
810820,65.5625,65.5625,64.875,64.90625,82,19108
810821,65,65,64.46875,64.5,4,19108
810824,63.5,63.5,62.75,62.75,454,18925
810825,62.125,62.75,62.125,62.5,61,18924
810826,63.0625,63.0625,62.4375,62.4375,1793,17609
810827,62.4375,63.125,62.40625,63.125,165,17507
810828,63.21875,63.25,62.9375,62.9375,1333,16792
810831,63.09375,63.09375,61.875,61.9375,678,16894
810901,61.75,62.3125,61.75,62.3125,482,16400
810902,62.125,62.375,61.875,62.3125,143,16260
810903,62.53125,62.53125,61.3125,61.3125,40,16209
810904,61.25,61.375,61.09375,61.28125,140,16059
810908,61.375,61.40625,60.78125,60.78125,79,15980
810909,60.6875,61.34375,60.6875,61.3125,152,15892
810910,61.75,62,61.75,61.75,49,15868
810911,61.6875,62.6875,61.6875,62.6875,146,15773
810914,62,62.03125,61.65625,61.65625,493,16054
810915,62.1875,62.1875,61.96875,62.0625,21,16046
810916,61.8125,62.28125,61.8125,62.125,160,15907
810917,62.4375,62.75,62.4375,62.75,77,15907
810918,62.71875,63.09375,62.71875,63.0625,124,15859
810921,63.6875,63.71875,63.59375,63.59375,137,15722
810922,63.15625,63.34375,62.8125,62.8125,86,15637
810923,61.875,62.125,61.84375,61.84375,19,15598
810924,61.71875,61.96875,61.5625,61.5625,471,15128
810925,61.375,61.375,59.78125,59.78125,724,14938
810928,59.25,60.09375,59.25,60.09375,369,14569
810929,59.3125,59.3125,59.3125,59.3125,0,14569
810930,59.3125,59.625,59,59.5,795,14249
811001,59.71875,59.71875,59.40625,59.65625,342,14133
811002,60.4375,61.125,60.03125,61.125,211,14098
811005,61.8125,62.0625,61.15625,61.15625,78,14088
811006,61.15625,61.3125,60.90625,61.3125,90,14002
811007,61.84375,61.84375,61.53125,61.6875,430,13912
811008,61.1875,61.78125,61.1875,61.78125,2,13914
811009,62.4375,62.75,62.40625,62.40625,830,13845
811012,63.03125,63.15625,62.71875,62.90625,131,13846
811013,62.625,62.625,61.78125,61.78125,151,13763
811014,61.6875,61.6875,61.4375,61.46875,56,13702
811015,61.90625,61.90625,61.5,61.78125,79,13629
811016,61.71875,61.71875,61.3125,61.3125,53,13588
811019,61,61.625,61,61.625,264,13330
811020,61.5,61.5,60.9375,60.9375,1,13330
811021,60.78125,60.78125,59.8125,59.8125,628,13341
811022,59.96875,59.96875,59.75,59.75,24,13341
811023,59.84375,60.25,59.84375,60.25,1012,13776
811026,59.5625,59.5625,58.65625,58.65625,191,13747
811027,58.78125,58.96875,58.625,58.96875,42,13705
811028,59.1875,59.1875,58.90625,58.90625,187,13658
811029,59.90625,59.96875,59.75,59.96875,146,13607
811030,60.28125,60.78125,60.15625,60.15625,143,13589
811102,60.03125,60.90625,60.03125,60.3125,425,13586
811103,60.90625,61.1875,60.65625,61.1875,186,13427
811104,61.46875,62.34375,61.3125,62.28125,323,13526
811105,62.34375,62.34375,62.09375,62.09375,25,13542
811106,62,62.6875,62,62.65625,578,13312
811109,63.65625,63.65625,63.46875,63.46875,487,13145
811110,63,63.5,63,63.5,135,13131
811111,63.8125,64.71875,63.8125,64.71875,105,13062
811112,65,65.1875,64.875,64.90625,513,13086
811113,64.46875,64.65625,64.375,64.65625,271,13067
811116,65.09375,65.59375,65.09375,65.21875,201,13093
811117,64.5625,64.71875,64.40625,64.71875,124,13016
811118,64.8125,65.84375,64.78125,65.375,206,13001
811119,65.375,65.75,64.75,64.75,7665,15596
811120,65,65,64.75,64.9375,245,15251
811123,64.40625,64.40625,63.15625,63.40625,6,8604
811124,63.96875,65.25,63.96875,65.0625,44,8577
811125,65.53125,65.875,65.375,65.875,260,8566
811127,66.34375,66.4375,66.34375,66.4375,158,8448
811130,66.25,66.25,65.65625,65.8125,169,8580
811201,65.09375,65.34375,64.8125,65.34375,61,8567
811202,65.5625,65.59375,64.25,64.375,1078,9114
811203,64.40625,65,64.125,65,168,9020
811204,66.15625,66.1875,65.6875,65.6875,644,9152
811207,64.84375,64.84375,64.0625,64.09375,510,9066
811208,63.53125,64.625,63.53125,64.40625,249,9056
811209,64.1875,64.28125,63.46875,63.46875,132,8992
811210,63.15625,63.25,62.84375,62.90625,537,9132
811211,62.90625,63.34375,62.90625,63.1875,216,9010
811214,63.1875,64.5,63.1875,64.5,717,9101
811215,64.71875,64.75,64.71875,64.75,101,9106
811216,64.78125,64.78125,64.625,64.71875,5,9101
811217,64.8125,64.8125,64.21875,64.21875,914,9405
811218,64.46875,65.09375,64.46875,65.09375,198,9257
811221,64.46875,64.5625,64.09375,64.09375,227,9129
811222,63.8125,64.0625,63.8125,63.8125,118,9142
811223,63.34375,63.6875,63.09375,63.09375,106,9121
811224,63.4375,63.75,63.09375,63.09375,49,9109
811228,63.09375,63.28125,63.09375,63.28125,1722,8579
811229,63.28125,63.4375,62.6875,62.6875,312,8464
811230,62.65625,63,62.65625,62.71875,1827,9571
811231,63.1875,63.65625,63.1875,63.65625,875,9214
820104,62.9375,63,62.53125,62.53125,309,9075
820105,61.625,61.625,61,61.375,102,9000
820106,61.75,61.75,60.53125,60.53125,23,8984
820107,60.8125,60.90625,60.53125,60.625,205,8957
820108,61.3125,61.3125,61.09375,61.09375,23,8957
820111,60.3125,60.3125,60.0625,60.15625,38,8938
820112,60.28125,60.75,60.28125,60.75,89,8859
820113,60.1875,60.1875,60.1875,60.1875,0,8859
820114,60.15625,60.78125,60.15625,60.78125,39,8833
820115,60.46875,60.625,60.40625,60.625,3,8832
820118,60.625,61.15625,60.625,61.15625,52,8834
820119,61.375,61.5625,60.875,60.875,614,9189
820120,61.21875,61.21875,61.0625,61.21875,10,9179
820121,61.71875,62.125,61.46875,61.96875,2517,11361
820122,61.90625,62,61.84375,61.84375,2009,11361
820125,61.125,62.40625,61.125,62.40625,332,11045
820126,62.28125,62.5,62.0625,62.0625,27,11046
820127,62.40625,62.40625,62,62,231,10914
820128,62,62.96875,62,62.96875,7,10911
820129,63.09375,63.15625,63.09375,63.15625,18,10916
820201,62.09375,62.09375,61.78125,61.78125,116,10834
820202,62.09375,62.09375,61.96875,61.96875,45,10816
820203,61.90625,61.90625,61.4375,61.4375,17,10814
820204,61.5625,61.5625,60.71875,61.03125,10,10811
820205,60.84375,61.3125,60.84375,61.3125,52,10811
820208,60.25,60.25,59.96875,59.96875,12,10809
820209,59.875,59.9375,59.6875,59.6875,116,10822
820210,60.3125,60.3125,60.3125,60.3125,0,10822
820211,60.5,61.09375,60.5,61.09375,66,10803
820212,60.78125,60.78125,60.78125,60.78125,0,10803
820216,60.5625,62,60.5625,62,43,10760
820217,62.125,62.3125,62.0625,62.0625,5,10676
820218,62.65625,62.65625,62.65625,62.65625,0,10676
820219,62.90625,62.96875,62.75,62.96875,274,10616
820222,64.15625,64.5,64.15625,64.1875,86,10607
820223,63.8125,63.9375,63.8125,63.84375,169,10522
820224,63.6875,64.40625,63.6875,64.40625,29,10519
820225,64.3125,64.3125,63.90625,63.90625,102,10417
820226,63.875,63.875,63.5625,63.5625,79,10405
820301,64.5625,64.5625,64.375,64.375,28,10385
820302,64.875,65.15625,64.875,65.15625,100,10475
820303,64.78125,65.4375,64.78125,65.4375,52,10454
820304,65.5625,65.5625,65.3125,65.46875,133,10349
820305,65.21875,65.34375,65.21875,65.34375,584,10324
820308,65.59375,65.625,64.3125,64.3125,15,10324
820309,64.25,64.75,64.25,64.75,55,10305
820310,64.6875,64.84375,64.40625,64.40625,4,10301
820311,64.09375,64.09375,63.71875,63.96875,13,10293
820312,64.125,64.15625,63.90625,64.15625,27,10295
820315,63.875,64.59375,63.8125,64.59375,30,10269
820316,64.59375,64.78125,64.46875,64.46875,255,10319
820317,64.96875,65.03125,64.59375,64.71875,75,10244
820318,65.21875,65.21875,64.875,64.875,4,10240
820319,64.6875,64.75,64.5625,64.75,197,10115
820322,65.1875,65.53125,65.1875,65.53125,86,10111
820323,65.75,65.75,65.375,65.375,14,10102
820324,65.53125,65.53125,64.6875,64.6875,59,10090
820325,64.71875,64.8125,64.5625,64.78125,40,10101
820326,64.625,64.625,64.15625,64.15625,8,10101
820329,63.53125,63.71875,63.53125,63.5625,64,10101
820330,63.875,63.875,63.34375,63.34375,42,10105
820331,63.40625,64.15625,63.40625,64.15625,90,10126
820401,64.28125,64.28125,64.28125,64.28125,0,10126
820402,64.28125,64.28125,64,64,210,9982
820405,64.125,64.34375,63.5,63.5,6,9982
820406,63.5,63.625,63.4375,63.625,17,9992
820407,63.6875,63.6875,63.5625,63.6875,15,10000
820408,63.78125,64.75,63.78125,64.75,3,9997
820412,65.375,65.5625,65.03125,65.5625,42,10006
820413,65.59375,65.625,65.375,65.40625,42,9986
820414,65.28125,65.28125,65.03125,65.03125,13,9987
820415,65.09375,65.5625,65.09375,65.5625,22,9998
820416,66.1875,66.1875,66.1875,66.1875,0,9998
820419,65.875,66.65625,65.875,66.46875,142,10013
820420,66.6875,66.6875,65.9375,65.96875,74,10006
820421,66.65625,66.65625,65.6875,65.6875,29,10016
820422,65.625,66,65.625,66,59,10056
820423,66.25,66.25,65.875,65.875,47,10010
820426,65.71875,66.1875,65.71875,66.1875,4,10014
820427,66.1875,66.1875,65.78125,65.78125,12,10014
820428,65.53125,65.65625,65.53125,65.53125,19,10002
820429,65.125,65.28125,65.125,65.28125,30,9984
820430,65.25,65.28125,65.09375,65.09375,10,9994
820503,65.09375,65.09375,64.71875,64.71875,323,10195
820504,64.5625,65.28125,64.5625,65.28125,63,10132
820505,65.25,65.4375,65.25,65.28125,81,10128
820506,65.9375,66.375,65.90625,66.375,402,10114
820507,66.4375,66.4375,66.40625,66.40625,26,10140
820510,66.125,66.3125,66.09375,66.125,77,10137
820511,66.0625,66.5625,66.03125,66.34375,152,10286
820512,66.5625,66.5625,65.75,65.75,145,10281
820513,65.75,65.8125,65.75,65.78125,21,10285
820514,65.90625,66.03125,65.90625,66.03125,89,10281
820517,66.0625,66.15625,65.28125,65.28125,33,10271
820518,65.3125,65.6875,65.21875,65.6875,9,10271
820519,65.59375,65.59375,65.1875,65.1875,58,10276
820520,65.5,65.9375,65.5,65.9375,30,10257
820521,65.90625,65.90625,65.78125,65.78125,94,10311
820524,65.8125,65.90625,65.6875,65.8125,623,10661
820525,65.65625,65.78125,65.625,65.78125,84,10679
820526,66.03125,66.03125,65.25,65.25,233,10556
820527,65.25,65.25,64.8125,64.8125,154,10531
820528,64.8125,64.8125,64.28125,64.28125,591,10070
820601,63.9375,64.125,63.15625,63.15625,184,10066
820602,63.28125,63.5,63.25,63.375,12,10058
820603,63.59375,63.59375,63,63.125,25,10055
820604,62.90625,62.9375,62.75,62.875,148,10015
820607,62.875,63.25,62.78125,63.15625,121,9960
820608,63.15625,63.15625,62.90625,62.90625,4,9964
820609,62.8125,63.125,62.8125,63.125,30,9977
820610,63,63,62.84375,62.84375,638,9693
820611,63.53125,63.53125,63.40625,63.40625,1,9694
820614,62.75,62.75,62.375,62.40625,38,9692
820615,62.40625,62.59375,62.40625,62.59375,32,9713
820616,62.65625,62.65625,62.3125,62.3125,77,9712
820617,61.84375,61.875,61.53125,61.75,27,9719
820618,61.75,61.875,61.25,61.25,179,9820
820621,61.25,61.5,61.0625,61.34375,11,9829
820622,61.28125,61.59375,61.125,61.1875,139,9830
820623,60.875,61.125,60.625,61.03125,338,9832
820624,61.0625,61.34375,60.84375,61.03125,19,9830
820625,61,61.09375,61,61.09375,322,9830
820628,61.125,61.4375,61.09375,61.4375,5,9830
820629,61.53125,61.78125,61.375,61.78125,12,9829
820630,62.21875,62.34375,62.15625,62.34375,90,9840
820701,62.34375,62.625,62.34375,62.375,281,9808
820702,62.09375,62.125,61.8125,61.8125,0,9808
820706,62.1875,62.1875,61.8125,61.90625,78,9807
820707,61.625,62.21875,61.625,62.21875,1,9807
820708,62.375,63,62.375,62.90625,207,9842
820709,63.28125,63.4375,63.15625,63.4375,834,10553
820712,64.0625,64.21875,63.9375,63.9375,257,10627
820713,63.625,63.65625,63.375,63.375,69,10625
820714,63.46875,63.46875,63.15625,63.15625,0,10625
820715,63.4375,63.59375,63.4375,63.46875,11,10626
820716,63.625,64.40625,63.625,64.40625,7,10620
820719,64.53125,64.75,64.4375,64.4375,46,10617
820720,64.8125,64.8125,64.5625,64.8125,330,10554
820721,64.9375,64.9375,64.5,64.53125,142,10474
820722,64.40625,65,64.40625,64.8125,84,10477
820723,64.96875,64.96875,64.59375,64.59375,297,10516
820726,64.1875,64.1875,63.59375,63.59375,11,10525
820727,63.34375,63.9375,63.34375,63.625,206,10630
820728,63.53125,63.59375,63.125,63.125,7,10630
820729,63.40625,63.65625,63.375,63.59375,21,10629
820730,63.84375,63.96875,63.84375,63.84375,11,10634
820802,64.46875,64.8125,64.46875,64.75,259,10700
820803,64.5625,64.75,64.46875,64.46875,52,10698
820804,64.28125,64.46875,64.25,64.46875,17,10693
820805,64.0625,64.5,64.0625,64.5,51,10705
820806,64.03125,64.125,63.625,63.65625,37,10725
820809,63.375,64.15625,63.375,64.125,192,10871
820810,64,64.3125,64,64.1875,222,10713
820811,64.28125,64.28125,64,64,37,10713
820812,64.25,64.8125,64.25,64.8125,14,10713
820813,64.9375,65.59375,64.9375,65.5,123,10726
820816,66.375,66.59375,66.09375,66.09375,287,10843
820817,66.3125,67.78125,66.3125,67.78125,286,10894
820818,69,69.78125,68.46875,68.6875,873,10713
820819,68.53125,68.875,68,68.46875,165,10619
820820,69.125,69.1875,68.96875,68.96875,194,10599
820823,68.34375,68.65625,68.34375,68.4375,571,10563
820824,68.5,69.34375,68.5,69.28125,271,10469
820825,69.1875,69.34375,68.71875,68.71875,64,10442
820826,68.625,69.46875,68.03125,68.03125,351,10480
820827,67.75,67.75,67.21875,67.21875,57,10480
820830,67.28125,67.53125,67.09375,67.53125,232,10486
820831,67.25,67.6875,67.25,67.4375,20,10487
820901,67.71875,68,67.59375,67.8125,125,10490
820902,67.6875,68.46875,67.53125,68.46875,266,10643
820903,68.5,69.59375,68.5,68.84375,205,10734
820907,69.1875,69.25,68.8125,68.90625,18,10724
820908,68.9375,69.28125,68.9375,69.21875,133,10642
820909,69.21875,69.34375,68.8125,68.84375,27,10645
820910,68.5,68.5,67.53125,67.53125,324,10602
820913,67.34375,68.4375,67.34375,68.4375,39,10599
820914,68.53125,68.75,68.21875,68.46875,291,10589
820915,69,69.0625,68,68.46875,136,10591
820916,68.28125,68.625,68.125,68.40625,152,10597
820917,68.71875,69,68.59375,69,86,10613
820920,68.71875,69.375,68.5,69.25,52,10614
820921,69.4375,70.75,69.375,70.6875,57,10612
820922,70.71875,71.15625,70.4375,70.4375,819,11108
820923,70.40625,70.9375,70.34375,70.59375,50,11058
820924,70.21875,70.3125,70,70.3125,160,11018
820927,70.28125,70.71875,70.21875,70.375,51,11024
820928,70.84375,71.09375,70.65625,70.71875,77,11017
820929,70.8125,70.84375,70.5,70.5,664,10639
820930,70.28125,70.96875,70.28125,70.75,408,10684
821001,70.84375,71.6875,70.84375,71.5,518,10697
821004,70.75,70.75,70.21875,70.28125,2317,12654
821005,70.375,70.59375,70.28125,70.5625,93,12659
821006,70.8125,71.46875,70.78125,71.375,556,12644
821007,72.625,73.375,72.5625,73.375,853,12896
821008,73.5625,74.75,73.5625,74.03125,623,12598
821011,75.46875,77.03125,75.46875,76.96875,410,12591
821012,76.46875,77.1875,76.15625,76.15625,263,12641
821013,75.6875,76.90625,75.25,76.90625,564,12461
821014,76.875,77,75.9375,75.9375,724,12067
821015,75.78125,75.78125,74.9375,75.1875,168,12055
821018,75.5,76.125,75.5,76.125,438,11880
821019,76.75,76.875,76.15625,76.375,483,11905
821020,76.1875,76.1875,75.71875,75.9375,423,12226
821021,76.3125,76.3125,75.59375,75.90625,257,12238
821022,75.75,75.75,75.03125,75.09375,279,12269
821025,74,74.25,73.625,73.625,307,12242
821026,73.875,74.3125,73.5625,74.21875,345,12315
821027,74.15625,74.4375,73.78125,73.78125,120,12321
821028,74.0625,74.34375,74,74.34375,115,12361
821029,74.875,75.3125,74.875,75.3125,156,12330
821101,75.46875,76.3125,75.40625,76.3125,264,12414
821103,76.96875,77.59375,76.90625,77,1362,12789
821104,77.0625,77.59375,76.84375,77.59375,415,12833
821105,77.5625,77.5625,77,77.09375,277,12751
821108,76.875,76.9375,76.53125,76.65625,25,12726
821109,76.71875,76.90625,76.5625,76.5625,632,13009
821110,77,77.0625,76.625,76.65625,293,13042
821111,76.1875,76.25,75.875,75.96875,366,13072
821112,75.96875,76.40625,75.96875,76.3125,3153,16091
821115,75.78125,75.9375,75.625,75.90625,274,16118
821116,75.3125,75.53125,75.21875,75.21875,2114,14905
821117,75.71875,76.15625,75.71875,75.8125,927,14976
821118,75.71875,76.75,75.71875,76.75,431,14913
821119,77.3125,77.3125,76.90625,76.96875,617,14906
821122,77,77.15625,76.25,76.25,269,14778
821123,76,76.375,75.8125,75.8125,393,14871
821124,76.125,76.125,75.5,75.5,577,15118
821126,75.53125,75.6875,75.15625,75.28125,2759,17142
821129,75.1875,75.28125,73.75,73.75,6881,16444
821130,73.875,74.34375,73.625,73.9375,6894,19852
821201,74.28125,74.4375,73.71875,73.96875,776,17983
821202,74.09375,74.25,74.03125,74.03125,487,18037
821203,74.71875,75.40625,74.6875,75.15625,736,18187
821206,75.5,75.5,75.09375,75.28125,470,18158
821207,75.625,75.625,75.0625,75.0625,1368,18057
821208,74.875,74.9375,74.15625,74.25,333,18010
821209,74.09375,74.46875,74.09375,74.46875,850,18415
821210,74.25,74.375,73.46875,73.46875,530,18143
821213,73.4375,74.21875,73.4375,73.90625,1612,18536
821214,75.21875,75.21875,74.375,74.5625,1628,18596
821215,74.125,74.40625,74,74.125,4233,22515
821216,74.125,74.125,73.28125,73.34375,7522,22685
821217,73.28125,73.59375,72.78125,73.40625,2524,23670
821220,73.0625,73.15625,72.8125,72.875,305,23858
821221,73.125,74.1875,73.125,74.15625,10935,23533
821222,74.1875,74.5,73.8125,73.8125,1103,23665
821223,73.78125,74.40625,73.75,74.25,402,23550
821227,74.96875,74.96875,74.5625,74.96875,431,23541
821228,74.59375,75.125,74.59375,74.90625,1731,24551
821229,75.03125,75.03125,74.59375,74.625,1224,24304
821230,74.71875,74.875,74.59375,74.71875,3397,24305
830103,75.1875,75.75,75.1875,75.65625,660,24070
830104,75.375,75.46875,75.125,75.34375,1769,23837
830105,75.625,75.65625,75,75.0625,2001,22526
830106,74.9375,75.25,74.84375,74.96875,866,22216
830107,75,75.34375,74.875,74.875,370,22120
830110,74.75,74.78125,74.5625,74.6875,405,22315
830111,74.875,75.15625,74.875,74.875,1289,22254
830112,74.65625,75.09375,74.65625,75.03125,302,22235
830113,75.28125,75.40625,75,75,383,22208
830114,75.09375,75.34375,74.6875,74.75,260,22089
830117,74.625,74.9375,74.625,74.84375,359,22178
830118,74.75,74.75,74.5,74.5,455,22027
830119,74.28125,74.3125,73.28125,73.46875,559,22045
830120,73.375,73.71875,73.375,73.65625,233,22012
830121,73.6875,73.6875,72.78125,72.84375,1217,21814
830124,72.5625,72.59375,72.15625,72.25,1087,22151
830125,72.375,72.65625,72.375,72.59375,381,22394
830126,72.4375,72.46875,71.75,71.875,470,22492
830127,72.28125,72.375,71.75,72.3125,312,22494
830128,72.40625,72.4375,71.96875,71.96875,229,22442
830131,71.6875,71.6875,71.3125,71.46875,191,22509
830201,71.4375,71.8125,71.4375,71.5,650,22560
830202,71.125,71.8125,71.03125,71.8125,472,22514
830203,71.8125,72.09375,71.375,71.375,196,22586
830204,70.875,71.125,70.78125,70.875,462,22124
830207,71.15625,71.34375,71.0625,71.125,302,21822
830208,71.15625,71.375,70.875,70.9375,282,21621
830209,70.75,70.96875,70.75,70.9375,90,21574
830210,71.15625,72.125,71.15625,72,314,21260
830211,72.4375,72.84375,72.125,72.15625,2739,19523
830214,71.9375,72.4375,71.9375,72.375,252,19608
830215,72.5625,72.65625,71.90625,71.96875,259,19426
830216,71.8125,72.6875,71.8125,72.15625,2092,18341
830217,72.34375,72.78125,72.25,72.78125,1416,17584
830218,72.9375,73.4375,72.9375,73.4375,3357,16394
830222,73.875,74.40625,73.875,74.40625,223,16272
830223,74.5625,74.78125,74.09375,74.09375,461,16168
830224,74.3125,74.4375,74.1875,74.4375,204,15964
830225,75,75.65625,75,75.375,201,15922
830228,75.625,75.6875,75.125,75.1875,2975,13619
830301,75.15625,76.125,75.15625,76,263,13726
830302,76.1875,76.25,75.46875,75.65625,1441,13172
830303,76.21875,76.4375,75.90625,76.125,403,13060
830304,76.1875,76.28125,75.75,75.96875,350,13049
830307,75.625,75.625,74.875,74.96875,575,13355
830308,74.90625,75.03125,74.28125,74.28125,374,13471
830309,74.3125,74.46875,74.03125,74.34375,177,13466
830310,74.53125,74.5625,73.9375,73.9375,114,13447
830311,73.84375,74.15625,73.53125,73.59375,1378,12714
830314,73.75,74.125,73.65625,74.125,478,12282
830315,74.15625,74.5625,74.15625,74.5625,977,11896
830316,74.25,74.6875,74.15625,74.15625,2041,12180
830317,74.0625,74.21875,73.90625,74.0625,263,12286
830318,74.15625,74.28125,73.96875,74.28125,183,12283
830321,73.96875,74.4375,73.96875,74.3125,267,12117
830322,74.21875,74.3125,74,74.25,207,12138
830323,74.59375,75.1875,74.375,75.1875,206,12240
830324,75.46875,75.59375,75.09375,75.15625,2286,12537
830325,75.46875,75.46875,74.5,74.53125,134,12533
830328,74.46875,74.78125,74.40625,74.59375,298,12787
830329,74.6875,75.0625,74.6875,74.96875,579,13081
830330,75.1875,75.25,74.9375,74.96875,3134,15710
830331,74.8125,74.96875,74.6875,74.6875,1713,17116
830404,74.71875,75,74.71875,74.96875,122,17116
830405,75.1875,75.8125,75.1875,75.8125,181,17087
830406,76,76.09375,75.75,75.875,473,16980
830407,75.96875,76,75.65625,75.71875,102,16967
830408,75.65625,75.8125,75.53125,75.5625,81,16964
830411,75.875,76.46875,75.875,76.25,151,16964
830412,76.5,76.5,76.0625,76.125,307,16893
830413,76.25,76.4375,76.15625,76.4375,98,16864
830414,76.59375,77.1875,76.4375,77.1875,125,16786
830415,77.25,77.28125,76.9375,76.96875,517,16833
830418,77.28125,77.4375,77,77.34375,388,16835
830419,77.0625,77.0625,76.34375,76.34375,992,17251
830420,76.4375,76.46875,75.96875,76.3125,887,17039
830421,76.21875,76.3125,75.875,75.875,972,16386
830422,75.8125,76.125,75.59375,76,500,16436
830425,76.34375,76.4375,76.15625,76.15625,345,16593
830426,76.09375,76.46875,75.96875,76.4375,723,15962
830427,76.34375,77.5,76.3125,76.90625,1647,16137
830428,76.6875,77.1875,76.6875,77.09375,141,15996
830429,77.25,77.4375,77.15625,77.40625,4489,12515
830502,77.5625,77.65625,77.1875,77.25,1542,12718
830503,77.09375,77.53125,77.09375,77.4375,140,12653
830504,77.625,78.09375,77.53125,78.0625,72,12659
830505,78.09375,78.375,77.71875,77.75,194,12684
830506,77.78125,78.21875,77.65625,78.03125,147,12580
830509,77.71875,77.71875,77.28125,77.3125,644,12887
830510,77.46875,77.875,77.3125,77.84375,350,12991
830511,78.0625,78.0625,77.59375,77.59375,222,13028
830512,77.53125,77.5625,77.03125,77.0625,1317,12319
830513,77.0625,77.5,77.0625,77.1875,1431,11599
830516,76.59375,76.59375,76.03125,76.0625,417,11581
830517,75.78125,76.15625,75.78125,75.8125,203,11483
830518,75.9375,76.03125,75.65625,75.6875,577,11307
830519,75.6875,75.84375,74.9375,74.9375,285,11389
830520,75.1875,75.1875,74.5,74.75,67,11393
830523,74.09375,74.71875,74.09375,74.6875,521,11343
830524,74.71875,74.96875,74.5,74.96875,294,11373
830525,75.09375,75.21875,74.78125,74.8125,1153,11356
830526,74.75,74.90625,74.40625,74.46875,630,11425
830527,74.65625,74.71875,74.46875,74.46875,267,11471
830531,73.9375,74,73.25,73.25,1062,11883
830601,73.09375,73.75,73.09375,73.59375,903,11957
830602,73.875,74.25,73.59375,73.65625,872,12149
830603,73.59375,73.78125,73.46875,73.625,136,12166
830606,73.375,74.0625,73.375,74.0625,158,12091
830607,73.96875,74.625,73.53125,73.625,592,11997
830608,73.59375,73.6875,73.0625,73.25,326,11951
830609,73.78125,73.78125,73.4375,73.6875,298,12047
830610,73.9375,73.96875,73.5,73.59375,170,11877
830613,74.40625,74.59375,73.90625,74.59375,451,11713
830614,74.34375,74.53125,74.1875,74.3125,330,11711
830615,74.0625,74.8125,74.0625,74.71875,203,11666
830616,74.90625,75.3125,74.6875,75.25,413,11582
830617,75.1875,75.21875,74.84375,74.9375,305,11425
830620,74.96875,74.96875,74.34375,74.375,998,11830
830621,74.21875,74.4375,73.90625,74.4375,219,11739
830622,74.5625,74.5625,74.0625,74.15625,638,12006
830623,74,74.21875,73.59375,74.0625,394,11814
830624,73.90625,73.90625,73.09375,73.09375,261,11907
830627,73.28125,73.28125,72.34375,72.4375,565,11929
830628,72.71875,73.125,72.625,72.78125,448,11988
830629,72.9375,73.28125,72.875,73.1875,366,12009
830630,73.40625,73.6875,73.34375,73.46875,876,11715
830701,73.4375,73.53125,73.4375,73.53125,258,11729
830705,72.46875,72.5,71.78125,71.9375,1198,11651
830706,72,72.3125,71.90625,72.21875,51,11662
830707,71.625,71.875,71.34375,71.625,420,11849
830708,71.59375,71.71875,71.03125,71.09375,429,11720
830711,71.46875,71.875,71.46875,71.53125,345,11598
830712,71.5625,71.5625,70.6875,70.78125,542,11703
830713,70.6875,71.15625,70.6875,70.875,1078,11743
830714,71.28125,71.71875,70.96875,71.09375,1463,11764
830715,70.96875,70.96875,70.4375,70.84375,718,11769
830718,71.21875,71.5625,70.90625,71.5625,1526,11545
830719,71.65625,71.90625,71.46875,71.6875,420,11551
830720,72.625,72.8125,71.9375,71.96875,789,11700
830721,72,72,71.53125,71.5625,99,11724
830722,71.4375,71.5,70.53125,70.75,448,11882
830725,70.28125,71.40625,70.21875,71.3125,674,11937
830726,71.25,71.25,70.625,70.75,723,11867
830727,70.84375,70.96875,70.46875,70.625,1080,11991
830728,70.5,70.59375,69.4375,69.46875,988,12002
830729,69.46875,69.65625,68.1875,68.875,917,12372
830801,68.8125,69.21875,68.4375,68.90625,612,12207
830802,68.59375,69.21875,68.53125,69.15625,966,12130
830803,69.25,69.3125,68.71875,69.0625,714,11470
830804,69.15625,69.15625,67.53125,67.9375,1345,10738
830805,67.8125,68.25,67.75,68.03125,966,10652
830808,67.90625,67.96875,67.25,67.65625,742,10839
830809,67.75,68.15625,67.75,67.96875,1668,11537
830810,67.875,67.96875,67.34375,67.78125,338,11584
830811,68.375,68.46875,68.09375,68.40625,2179,11896
830812,68.84375,69.21875,68.6875,69.09375,1799,12366
830815,70.34375,70.34375,69.75,70.09375,1670,12963
830816,69.9375,70.53125,69.84375,70.1875,1199,13210
830817,70.53125,70.90625,70.25,70.84375,859,13428
830818,70.6875,71.15625,70.3125,70.34375,2420,14194
830819,70.4375,70.53125,69.5,69.71875,943,14255
830822,70.875,71.5,70.75,71.4375,1429,14823
830823,71.375,71.40625,70.90625,71.09375,755,14956
830824,71.25,71.625,71.125,71.375,503,15051
830825,71.5,71.8125,70.65625,70.875,1142,15171
830826,70.75,71,70.375,70.96875,1064,15682
830829,70.28125,70.3125,69.375,69.5625,3327,16071
830830,69.6875,69.8125,69.0625,69.125,1808,16624
830831,68.8125,69.0625,68.4375,68.75,1669,16824
830901,69,69.25,68.71875,68.90625,664,16828
830902,68.84375,68.84375,68.59375,68.71875,360,16805
830906,69.875,70.125,69.5625,69.65625,1923,17382
830907,69.5,70.4375,69.5,70.375,1722,17654
830908,70.5625,70.625,70.15625,70.1875,1465,18072
830909,70.28125,70.53125,70.28125,70.46875,819,18111
830912,71.9375,72,70.96875,71.125,2367,18421
830913,71.15625,71.375,70.875,70.90625,4109,18892
830914,70.71875,70.875,70.09375,70.15625,2966,19281
830915,70.09375,70.28125,69.65625,69.78125,3428,19287
830916,69.96875,70.8125,69.90625,70.71875,2670,19422
830919,70.84375,71.28125,70.5625,70.78125,2325,19241
830920,71.25,71.53125,70.9375,71.21875,2692,19211
830921,71.53125,71.625,70.90625,71.03125,2371,19413
830922,70.78125,71.5,70.5,71.34375,2837,19801
830923,72,72.1875,71.6875,72.0625,4289,20129
830926,72.46875,72.5625,72.03125,72.375,3702,20556
830927,72.0625,72.25,71.875,72.15625,1732,20953
830928,72.40625,72.4375,71.90625,71.9375,2608,20303
830929,71.75,72.03125,71.5625,71.96875,2202,20566
830930,72.125,72.34375,72.03125,72.15625,1622,20542
831003,72.3125,72.3125,71.84375,72,1821,20652
831004,71.90625,72.34375,71.78125,71.96875,4386,21481
831005,72.3125,72.75,72.21875,72.6875,3608,21923
831006,72.65625,72.9375,72.53125,72.71875,3077,22278
831007,72.75,72.78125,72.40625,72.40625,3513,22072
831010,71.9375,72.0625,71.6875,71.96875,2157,22315
831011,71.8125,71.90625,70.96875,71.03125,9380,23362
831012,70.84375,71.125,70.71875,70.84375,5487,23677
831013,71,71.0625,70.375,70.5625,5043,24356
831014,70.78125,71.03125,70.75,71,2351,24294
831017,71.46875,71.625,71.125,71.59375,17602,25873
831018,71.46875,71.8125,71.21875,71.25,7661,26053
831019,71.21875,71.71875,71.125,71.5625,3133,26464
831020,71.4375,71.75,71.25,71.625,2453,26936
831021,71.5625,72.09375,71.5,71.9375,4411,28565
831024,70.78125,70.84375,70.46875,70.53125,6029,28900
831025,70.625,70.65625,70.03125,70.375,11907,31694
831026,70.53125,70.5625,70.0625,70.53125,2826,31795
831027,70.15625,70.6875,70.125,70.59375,4462,33883
831028,70.625,70.75,70.34375,70.375,2060,33458
831031,70.25,70.5625,70.0625,70.125,2899,31970
831101,69.96875,70.28125,69.875,70.25,2724,31862
831102,70.34375,70.4375,70.09375,70.25,3650,32326
831103,70.15625,70.21875,69.6875,69.84375,7512,34592
831104,69.5625,69.59375,69.25,69.375,9971,34972
831107,69.28125,69.5625,69.21875,69.5,6330,35470
831108,69.625,69.71875,69.59375,69.625,3250,35723
831109,69.65625,69.84375,69.59375,69.71875,6056,36080
831110,69.78125,70.40625,69.75,70.375,14797,38853
831111,70.71875,71.125,70.625,71.09375,10532,40562
831114,70.96875,70.96875,70.5625,70.625,8423,41110
831115,70.4375,70.5625,70.21875,70.46875,11930,41862
831116,70.65625,70.875,70.3125,70.375,11927,43031
831117,70.125,70.34375,70.0625,70.28125,20666,51696
831118,70.1875,70.3125,70.03125,70.1875,6955,52279
831121,70.34375,70.71875,70.25,70.6875,14546,54726
831122,70.9375,71.21875,70.8125,71.1875,22158,54140
831123,71.0625,71.15625,70.9375,71.0625,20781,59848
831125,71.1875,71.375,71.125,71.3125,6306,61054
831128,71.15625,71.15625,70.75,70.84375,16876,66110
831129,70.84375,71.40625,70.65625,71.375,86966,75235
831130,71.375,71.53125,71,71.0625,83661,80548
831201,70.96875,71.1875,70.84375,71.0625,58000,81760
831202,70.71875,70.71875,70.25,70.28125,91369,85388
831205,69.9375,70.34375,69.9375,70.3125,64869,88457
831206,70.3125,70.4375,70.09375,70.21875,58324,89764
831207,70.03125,70.21875,69.9375,70.0625,61121,92736
831208,69.9375,69.9375,69.375,69.4375,95718,97917
831209,69.5,69.59375,69.28125,69.375,52842,99409
831212,69.40625,69.71875,69.21875,69.5625,65698,103685
831213,69,69.125,68.875,69,71584,106976
831214,69.03125,69.25,68.78125,68.875,77050,111877
831215,68.78125,69.21875,68.78125,69.03125,70477,113076
831216,69.375,69.5625,69.28125,69.53125,50653,109197
831219,69.5,69.65625,69.34375,69.5,38585,108760
831220,69.75,69.8125,69.4375,69.4375,49774,109029
831221,69.6875,69.90625,69.5,69.65625,60638,109606
831222,69.78125,70.125,69.78125,70.09375,36625,108604
831223,70.09375,70.1875,69.875,70,23336,106851
831227,70.25,70.5,70.09375,70.40625,47709,107436
831228,70.3125,70.3125,69.96875,70.03125,54460,108888
831229,70.34375,70.46875,70.0625,70.21875,65212,109514
831230,70.09375,70.15625,69.9375,70.03125,24491,108966
840103,69.78125,69.8125,69.53125,69.6875,50543,111022
840104,69.5625,70.25,69.5,70.1875,81982,112870
840105,70.34375,70.5625,70.03125,70.15625,110502,113873
840106,69.96875,70.4375,69.96875,70.375,71218,112713
840109,70.0625,70.5,70,70.34375,66713,112740
840110,70.59375,70.78125,70.5625,70.6875,76064,116113
840111,70.4375,70.625,70.4375,70.5,43523,116291
840112,70.4375,70.5625,70.375,70.4375,41389,116202
840113,70.90625,71.625,70.90625,71.46875,118395,121508
840116,71.34375,71.75,71.3125,71.65625,74468,121644
840117,71.71875,71.71875,71.40625,71.5,62538,120343
840118,71.5,71.53125,71.125,71.28125,72332,120719
840119,71.1875,71.5,71.15625,71.4375,42753,119699
840120,71.3125,71.375,71.0625,71.1875,61133,117293
840123,71.125,71.40625,71.0625,71.25,44282,117645
840124,71.1875,71.40625,71.15625,71.21875,53496,116271
840125,71.21875,71.3125,70.96875,71.0625,64634,115663
840126,71.125,71.21875,71,71.15625,49361,114973
840127,71.28125,71.3125,71.09375,71.125,29034,112839
840130,71.25,71.3125,70.875,70.90625,49139,111048
840131,70.8125,71,70.71875,70.8125,54323,109243
840201,70.8125,70.96875,70.71875,70.9375,41938,102328
840202,71.09375,71.4375,71.03125,71.40625,85845,102023
840203,71.3125,71.375,71.21875,71.25,37657,100478
840206,71.03125,71.03125,70.71875,70.90625,72103,100148
840207,70.90625,70.90625,70.625,70.78125,73286,97440
840208,70.75,70.84375,70.5,70.6875,86635,96891
840209,70.40625,70.5625,70.3125,70.5,91644,95008
840210,70.3125,70.375,70.03125,70.0625,68099,95065
840213,69.9375,70,69.6875,69.71875,28556,95749
840214,69.625,70.0625,69.59375,69.875,88137,92803
840215,69.84375,70.1875,69.8125,70.03125,68025,88593
840216,69.875,70.125,69.8125,69.9375,57963,87846
840217,69.625,69.78125,69.375,69.40625,89779,89880
840221,69.40625,69.59375,69.28125,69.5625,59154,89600
840222,69.625,69.6875,69.375,69.375,61593,86509
840223,69,69.09375,68.5625,68.625,129690,79780
840224,68.90625,69.0625,68.8125,69,64373,73459
840227,69.09375,69.125,68.625,68.6875,79178,67803
840228,68.5625,68.8125,68.3125,68.4375,42647,52590
840229,68.625,69.03125,68.625,68.84375,33081,44575
840301,68.59375,68.78125,68.375,68.75,12718,42880
840302,69.125,69.34375,69.09375,69.1875,14504,38001
840305,69.125,69.125,68.6875,68.71875,14579,35078
840306,68.53125,68.84375,68.375,68.46875,10942,32467
840307,68.53125,68.59375,67.71875,67.875,18170,29775
840308,67.75,67.90625,67.5,67.75,5524,27561
840309,67.375,67.8125,67.21875,67.75,6046,26971
840312,67.59375,68.125,67.59375,67.8125,7047,26509
840313,67.9375,68.1875,67.625,67.625,3650,24871
840314,67.34375,67.59375,67.09375,67.5,4838,22324
840315,67.375,67.625,67.3125,67.4375,3139,21045
840316,67.875,68.0625,67.1875,67.21875,3352,19903
840319,66.9375,67.03125,66.5,66.65625,3022,18961
840320,66.34375,67,66.34375,66.875,3301,17637
840321,66.8125,67.125,66.78125,66.96875,3882,15724
