820406,64.40625,64.40625,64.1875,64.375,5,1253
820407,64.28125,64.4375,64.28125,64.4375,64,1272
820408,64.46875,65.5,64.46875,65.5,98,1337
820412,66,66.25,65.78125,66.25,23,1360
820413,66.28125,66.28125,66.125,66.125,105,1449
820414,65.875,65.875,65.75,65.75,3,1451
820415,65.84375,66.25,65.84375,66.25,67,1489
820416,66.25,66.875,66.21875,66.875,51,1489
820419,66.78125,67.1875,66.5,67.15625,75,1549
820420,67.0625,67.15625,66.625,66.65625,85,1564
820421,67.3125,67.3125,66.375,66.375,28,1579
820422,66.3125,66.6875,66.3125,66.6875,3,1580
820423,66.9375,66.9375,66.53125,66.5625,2,1579
820426,66.53125,66.875,66.53125,66.875,4,1583
820427,66.625,66.875,66.46875,66.46875,40,1616
820428,66.25,66.4375,66.15625,66.21875,17,1619
820429,65.8125,65.96875,65.8125,65.96875,9,1625
820430,65.78125,65.78125,65.78125,65.78125,0,1625
820503,65.71875,65.71875,65.40625,65.40625,2,1627
820504,65.4375,65.96875,65.4375,65.96875,2,1627
820505,66.03125,66.15625,65.96875,65.96875,6,1628
820506,67.0625,67.0625,67.0625,67.0625,0,1628
820507,67.125,67.125,67,67,4,1631
820510,66.6875,66.8125,66.6875,66.71875,42,1614
820511,66.65625,67.0625,66.5,66.9375,40,1622
820512,66.34375,66.71875,66.34375,66.34375,6,1627
820513,66.34375,66.46875,66.28125,66.4375,30,1647
820514,66.9375,66.9375,66.6875,66.6875,0,1647
820517,66.65625,66.65625,65.90625,65.90625,3,1644
820518,66,66.3125,66,66.3125,6,1650
820519,66.09375,66.15625,65.8125,65.8125,7,1656
820520,66.125,66.5,66.09375,66.5,48,1668
820521,66.6875,66.6875,66.34375,66.34375,9,1659
820524,66.28125,66.40625,66.28125,66.375,28,1659
820525,66.1875,66.375,66.1875,66.375,2,1658
820526,66.5,66.5,65.84375,65.84375,50,1634
820527,65.84375,65.875,65.40625,65.40625,2,1636
820528,65.34375,65.34375,64.78125,64.78125,36,1618
820601,64.25,64.28125,63.71875,63.71875,16,1631
820602,63.875,63.9375,63.875,63.9375,22,1610
820603,64.03125,64.03125,63.6875,63.6875,85,1559
820604,63.5625,63.5625,63.3125,63.4375,18,1557
820607,63.21875,63.875,63.21875,63.71875,45,1568
820608,63.46875,63.46875,63.46875,63.46875,4,1564
820609,63.40625,63.6875,63.40625,63.6875,2,1564
820610,63.46875,63.625,63.40625,63.40625,26,1575
820611,63.90625,64.15625,63.90625,63.96875,38,1554
820614,63.40625,63.40625,63,63.09375,35,1577
820615,63.09375,63.28125,63.09375,63.28125,24,1583
820616,63.34375,63.375,63,63,57,1548
820617,62.4375,62.625,62.375,62.46875,52,1550
820618,62.59375,62.59375,62.03125,62.03125,48,1551
820621,62.03125,62.28125,61.84375,62.09375,0,1551
820622,62,62.4375,61.875,61.96875,66,1518
820623,61.65625,61.90625,61.46875,61.78125,12,1516
820624,61.8125,62.09375,61.5625,61.78125,17,1516
820625,61.78125,61.84375,61.78125,61.84375,1,1517
820628,61.8125,62.1875,61.78125,62.1875,9,1522
820629,62.1875,62.53125,62.1875,62.53125,51,1562
820630,62.9375,63.125,62.78125,63.09375,68,1576
820701,63.09375,63.25,62.9375,63.03125,250,1648
820702,62.78125,62.78125,62.46875,62.5,31,1616
820706,62.8125,62.8125,62.5,62.59375,49,1606
820707,62.28125,62.84375,62.28125,62.84375,0,1606
820708,62.96875,63.625,62.96875,63.46875,119,1660
820709,63.84375,63.96875,63.71875,63.9375,157,1704
820712,64.5625,64.71875,64.4375,64.4375,102,1753
820713,64.0625,64.15625,63.90625,63.96875,70,1762
820714,64.0625,64.0625,63.71875,63.75,2,1763
820715,64.0625,64.15625,64.0625,64.0625,10,1773
820716,64.1875,64.96875,64.1875,64.96875,4,1769
820719,65.0625,65.3125,65,65,78,1718
820720,65.3125,65.3125,65.1875,65.28125,67,1727
820721,65.375,65.375,64.96875,65.09375,10,1717
820722,64.9375,65.625,64.9375,65.28125,17,1701
820723,65.5,65.5,65.0625,65.0625,287,1819
820726,64.65625,64.65625,64.0625,64.0625,3,1816
820727,63.8125,64.3125,63.8125,64.09375,10,1823
820728,64,64.0625,63.59375,63.6875,22,1808
820729,63.96875,64.21875,63.9375,64.15625,0,1808
820730,64.5,64.5,64.40625,64.40625,9,1805
820802,65,65.40625,64.9375,65.40625,52,1810
820803,65.34375,65.34375,64.9375,64.9375,20,1830
820804,64.9375,64.9375,64.6875,64.9375,13,1830
820805,64.53125,64.96875,64.53125,64.96875,7,1825
820806,64.5,64.59375,64.1875,64.21875,3,1825
820809,63.875,64.71875,63.875,64.6875,16,1809
820810,64.75,64.75,64.75,64.75,2,1811
820811,64.8125,64.84375,64.5625,64.5625,20,1825
820812,64.71875,65.28125,64.71875,65.28125,32,1854
820813,65.375,66.0625,65.375,65.96875,23,1870
820816,66.375,67.0625,66.375,66.5625,97,1879
820817,67,68.15625,67,68.15625,17,1862
820818,69.40625,69.5625,68.875,69.0625,429,2241
820819,69.09375,69.375,68.46875,68.84375,80,2235
820820,69.71875,69.71875,69.25,69.25,144,2106
820823,68.71875,68.84375,68.625,68.8125,189,2067
820824,68.90625,69.65625,68.90625,69.65625,3,2068
820825,69.65625,69.65625,69.09375,69.09375,19,2055
820826,69.5,69.71875,68.28125,68.40625,139,2065
820827,68.28125,68.28125,67.75,67.84375,10,2075
820830,68.09375,68.09375,67.75,68.09375,47,2087
820831,67.875,68.25,67.875,68,63,2113
820901,68.4375,68.5,68.15625,68.375,5,2117
820902,68.1875,69.03125,68.1875,69.03125,33,2138
820903,69.15625,69.75,69.15625,69.3125,102,2102
820907,69.40625,69.59375,69.375,69.375,53,2145
820908,69.375,69.6875,69.375,69.6875,52,2109
820909,69.53125,69.78125,69.21875,69.3125,141,2122
820910,68,68.03125,68,68.03125,5,2127
820913,67.875,68.90625,67.875,68.90625,42,2108
820914,68.84375,69.21875,68.6875,68.9375,10,2114
820915,69.5625,69.5625,68.5,69.03125,35,2116
820916,68.84375,69.125,68.6875,68.9375,3,2116
820917,69.21875,69.5,69.0625,69.5,2,2116
820920,69.65625,69.78125,69.5625,69.75,16,2101
820921,70.125,71.15625,70.125,71.15625,32,2117
820922,70.84375,71.4375,70.8125,70.8125,17,2114
820923,70.875,71.0625,70.5625,70.96875,42,2108
820924,70.625,70.875,70.46875,70.75,101,2106
820927,70.65625,70.9375,70.65625,70.75,6,2111
820928,71.09375,71.25,71,71,88,2091
820929,71.1875,71.21875,70.78125,70.78125,103,2103
820930,70.78125,71.1875,70.75,71.03125,69,2056
821001,71.46875,71.6875,71.46875,71.6875,51,2068
821004,70.6875,70.6875,70.5625,70.65625,11,2072
821005,70.84375,70.96875,70.65625,70.90625,105,2084
821006,71.03125,71.75,71.03125,71.65625,188,2034
821007,72.9375,73.65625,72.65625,73.65625,102,2052
821008,74.4375,74.75,74,74.21875,67,2071
821011,75.59375,77.125,75.59375,76.96875,42,2078
821012,77.0625,77.0625,76.21875,76.25,220,2221
821013,75.53125,77,75.53125,77,227,2247
821014,76.78125,77.21875,76.03125,76.03125,85,2246
821015,75.8125,75.8125,75.25,75.375,169,2363
821018,75.75,76.21875,75.75,76.21875,143,2403
821019,77.03125,77.03125,76.28125,76.53125,192,2417
821020,76.34375,76.34375,75.8125,76.09375,38,2397
821021,76.28125,76.28125,75.75,76.03125,69,2385
821022,75.90625,75.90625,75.125,75.25,94,2453
821025,74.15625,74.40625,73.8125,73.8125,100,2497
821026,74,74.4375,73.84375,74.40625,39,2497
821027,74.46875,74.46875,73.96875,73.96875,225,2575
821028,74.1875,74.53125,74.1875,74.53125,196,2738
821029,74.9375,75.46875,74.9375,75.46875,5,2739
821101,75.6875,76.375,75.6875,76.375,25,2719
821103,76.96875,77.46875,76.875,77,147,2640
821104,77.125,77.59375,76.8125,77.59375,61,2615
821105,77.4375,77.4375,77.09375,77.09375,68,2594
821108,76.875,77,76.53125,76.65625,20,2580
821109,76.625,76.90625,76.5625,76.5625,74,2550
821110,76.9375,77.0625,76.625,76.65625,115,2665
821111,76,76.15625,75.96875,75.96875,13,2656
821112,76.34375,76.40625,76.25,76.28125,40,2639
821115,75.71875,75.9375,75.59375,75.90625,5,2640
821116,75.375,75.40625,75.21875,75.21875,86,2719
821117,76.15625,76.15625,75.8125,75.8125,52,2720
821118,75.8125,76.75,75.8125,76.75,2,2719
821119,77.1875,77.3125,76.90625,76.90625,45,2734
821122,77.1875,77.1875,76.1875,76.1875,17,2729
821123,76.03125,76.34375,75.75,75.75,33,2711
821124,75.875,75.875,75.34375,75.34375,112,2709
821126,75.21875,75.5,75.0625,75.09375,93,2713
821129,75.0625,75.0625,73.53125,73.625,98,2718
821130,74.125,74.21875,73.5,73.8125,76,2690
821201,74.1875,74.1875,73.625,73.78125,61,2690
821202,73.96875,74.0625,73.8125,73.8125,104,2734
821203,74.71875,75,74.5,74.8125,96,2752
821206,75.09375,75.09375,74.75,74.90625,357,2768
821207,75.1875,75.1875,74.6875,74.6875,250,2787
821208,74.53125,74.53125,73.875,73.875,73,2842
821209,73.75,74.09375,73.75,74.09375,13,2839
821210,74,74,73.15625,73.1875,76,2842
821213,73.5,73.8125,73.28125,73.625,18,2830
821214,75,75,74.1875,74.1875,19,2844
821215,73.71875,74.03125,73.71875,73.71875,113,2788
821216,73.6875,73.71875,72.9375,72.9375,64,2759
821217,73.1875,73.1875,72.46875,73.03125,182,2775
821220,72.6875,72.6875,72.5,72.5,3,2774
821221,73.125,73.75,73.125,73.65625,121,2735
821222,73.8125,74.03125,73.3125,73.3125,146,2719
821223,73.75,73.75,73.75,73.75,0,2719
821227,74.375,74.375,74.375,74.375,0,2719
821228,74.0625,74.46875,74.0625,74.3125,642,3319
821229,74.375,74.375,74,74.03125,199,3211
821230,74.03125,74.125,74.03125,74.03125,837,3532
830103,74.53125,75,74.53125,75,115,3462
830104,74.84375,74.84375,74.46875,74.78125,61,3425
830105,75.03125,75.09375,74.46875,74.53125,36,3402
830106,74.46875,74.71875,74.3125,74.46875,10,3412
830107,74.6875,74.84375,74.375,74.375,8,3408
830110,74.21875,74.28125,73.90625,74.125,130,3456
830111,74.3125,74.53125,74.25,74.28125,26,3455
830112,74.0625,74.4375,74.0625,74.40625,77,3477
830113,74.65625,74.71875,74.34375,74.375,27,3474
830114,74.46875,74.6875,73.9375,74.03125,127,3529
830117,73.96875,74.15625,73.96875,74.125,95,3532
830118,74,74,73.78125,73.78125,542,3351
830119,73.625,73.625,72.46875,72.75,136,3425
830120,72.75,72.9375,72.625,72.90625,313,3223
830121,72.375,72.375,72.0625,72.25,302,3260
830124,71.78125,71.96875,71.5625,71.6875,12,3264
830125,71.90625,72.09375,71.90625,72.03125,50,3265
830126,71.5625,71.59375,71.21875,71.3125,43,3267
830127,71.6875,71.78125,71.34375,71.71875,9,3258
830128,71.78125,71.84375,71.375,71.375,54,3307
830131,71.03125,71.03125,70.78125,70.90625,108,3333
830201,71.125,71.34375,70.90625,70.9375,61,3330
830202,70.53125,71.21875,70.46875,71.21875,88,3342
830203,71.21875,71.4375,70.78125,70.78125,2,3341
830204,70.40625,70.5,70.28125,70.28125,268,3341
830207,70.53125,70.6875,70.53125,70.53125,1,3341
830208,70.53125,70.53125,70.375,70.375,13,3331
830209,70.375,70.375,70.28125,70.375,25,3324
830210,70.6875,71.34375,70.6875,71.34375,14,3323
830211,71.75,72.03125,71.5625,71.5625,106,3420
830214,71.625,71.78125,71.5625,71.78125,107,3398
830215,71.96875,71.96875,71.375,71.375,122,3398
830216,71.3125,71.96875,71.3125,71.5,35,3424
830217,71.59375,72.09375,71.4375,72.09375,138,3436
830218,72.3125,72.65625,72.3125,72.65625,54,3433
830222,73.25,73.625,73.25,73.625,2057,3467
830223,73.84375,73.96875,73.3125,73.3125,641,3464
830224,73.625,73.65625,73.625,73.65625,2,3463
830225,74.40625,74.625,74.375,74.53125,94,3526
830228,74.6875,74.6875,74.34375,74.40625,27,3530
830301,74.40625,75.21875,74.40625,75.21875,76,3539
830302,75.25,75.25,74.71875,74.8125,143,3532
830303,75.4375,75.4375,75.125,75.28125,2026,3537
830304,75.25,75.28125,75.03125,75.09375,236,3540
830307,74.78125,74.84375,73.96875,74.125,103,3536
830308,74.21875,74.21875,73.4375,73.4375,510,3541
830309,73.46875,73.59375,73.40625,73.5,34,3564
830310,73.71875,73.71875,73.0625,73.09375,15,3565
830311,73.125,73.28125,72.75,72.75,7,3568
830314,72.84375,73.28125,72.84375,73.25,135,3522
830315,73.46875,73.6875,73.28125,73.6875,75,3531
830316,73.375,73.75,73.28125,73.3125,1936,4856
830317,73.25,73.4375,73.15625,73.3125,71,4856
830318,73.34375,73.53125,73.21875,73.53125,42,4853
830321,73.4375,73.78125,73.4375,73.5625,149,4845
830322,73.375,73.5625,73.25,73.5,7,4840
830323,73.625,74.4375,73.625,74.4375,221,4886
830324,74.59375,74.6875,74.34375,74.40625,965,5342
830325,74.5,74.5,73.78125,73.78125,35,5333
830328,73.78125,73.9375,73.65625,73.84375,79,5362
830329,74.09375,74.25,73.9375,74.1875,16,5361
830330,74.3125,74.3125,74.15625,74.15625,93,5324
830331,74.03125,74.15625,73.8125,73.875,19,5306
830404,74.03125,74.15625,74.03125,74.15625,6,5306
830405,74.3125,74.9375,74.3125,74.9375,30,5314
830406,75.0625,75.15625,74.9375,74.96875,1,5313
830407,74.9375,74.9375,74.8125,74.8125,0,5313
830408,74.75,74.75,74.65625,74.65625,0,5313
830411,75.28125,75.34375,75.25,75.25,10,5306
830412,75.46875,75.46875,75.0625,75.15625,106,5377
830413,75.1875,75.46875,75.1875,75.46875,178,5402
830414,75.625,76.25,75.46875,76.25,170,5348
830415,76.375,76.375,76.0625,76.1875,89,5317
830418,76.0625,76.46875,76.0625,76.46875,43,5330
830419,76.15625,76.15625,75.5625,75.5625,274,5342
830420,75.5625,75.59375,75.25,75.4375,339,5628
830421,75.34375,75.34375,74.9375,74.9375,61,5620
830422,75.03125,75.15625,74.84375,75.0625,39,5597
830425,75.4375,75.4375,75.21875,75.21875,33,5590
830426,75.15625,75.5,75.09375,75.5,26,5593
830427,75.96875,75.96875,75.96875,75.96875,0,5593
830428,75.84375,76.125,75.84375,76.125,25,5568
830429,76.3125,76.5,76.1875,76.375,1778,5651
830502,76.59375,76.59375,76.09375,76.25,178,5605
830503,76.09375,76.34375,76.03125,76.34375,48,5627
830504,76.5,77.0625,76.5,76.96875,53,5599
830505,77.0625,77.15625,76.6875,76.6875,58,5573
830506,76.625,77.09375,76.625,76.96875,53,5599
830509,76.6875,76.6875,76.21875,76.3125,22,5609
830510,76.34375,76.78125,76.28125,76.78125,165,5585
830511,76.875,76.90625,76.53125,76.53125,452,5325
830512,76.5,76.5,76,76,101,5252
830513,76.09375,76.34375,76.09375,76.125,107,5243
830516,75.40625,75.46875,75.09375,75.09375,442,5247
830517,74.8125,75.0625,74.8125,74.8125,49,5242
830518,74.96875,74.96875,74.6875,74.6875,20,5242
830519,74.59375,74.59375,73.9375,73.9375,6,5247
830520,74,74.125,73.6875,73.71875,158,5205
830523,73.1875,73.6875,73.1875,73.6875,85,5204
830524,73.6875,74.03125,73.53125,74.03125,85,5189
830525,74.125,74.15625,73.90625,73.90625,15,5195
830526,73.78125,73.78125,73.5625,73.5625,276,5300
830527,73.71875,73.8125,73.5625,73.5625,92,5251
830531,73.03125,73.03125,72.40625,72.40625,82,5215
830601,72.34375,72.75,72.34375,72.71875,212,5194
830602,73.1875,73.25,72.71875,72.75,20,5190
830603,72.6875,72.75,72.5625,72.71875,45,5179
830606,72.65625,73.15625,72.65625,73.15625,2,5181
830607,73.3125,73.3125,72.6875,72.78125,59,5178
830608,72.71875,72.78125,72.375,72.4375,48,5180
830609,72.84375,72.875,72.625,72.84375,286,5229
830610,73.0625,73.0625,72.65625,72.71875,367,5153
830613,73.40625,73.75,73.03125,73.6875,165,5101
830614,73.5625,73.5625,73.34375,73.4375,59,5105
830615,73.28125,73.875,73.28125,73.8125,98,5114
830616,73.9375,74.34375,73.8125,74.34375,93,5109
830617,74.1875,74.34375,73.90625,74.0625,310,5104
830620,74.0625,74.0625,73.46875,73.5625,38,5107
830621,73.21875,73.625,73.1875,73.625,393,5111
830622,73.625,73.625,73.34375,73.34375,171,5087
830623,73.28125,73.34375,72.84375,73.25,255,4986
830624,73.15625,73.15625,72.3125,72.3125,78,4992
830627,72.3125,72.3125,71.65625,71.65625,149,5049
830628,72,72.1875,71.8125,71.875,167,5091
830629,72,72.28125,72,72.28125,27,5091
830630,72.59375,72.65625,72.46875,72.53125,126,5116
830701,72.59375,72.59375,72.53125,72.59375,40,5117
830705,71.5625,71.5625,71.0625,71.125,222,5010
830706,71.28125,71.375,71.125,71.375,143,5049
830707,70.71875,70.90625,70.625,70.78125,118,5167
830708,70.78125,70.875,70.21875,70.28125,452,5301
830711,70.75,70.96875,70.6875,70.6875,182,5257
830712,70.59375,70.59375,69.9375,69.9375,107,5150
830713,69.96875,70.21875,69.96875,69.96875,595,4896
830714,70.3125,70.71875,70.125,70.1875,729,4910
830715,70,70.0625,69.625,70.0625,318,4786
830718,70.28125,70.71875,70.09375,70.71875,165,4711
830719,70.8125,71.0625,70.71875,70.84375,115,4684
830720,71.6875,71.6875,71.09375,71.125,294,4642
830721,71.09375,71.125,70.71875,70.71875,60,4677
830722,70.46875,70.46875,69.78125,69.90625,176,4665
830725,69.53125,70.46875,69.53125,70.46875,495,4739
830726,70.3125,70.3125,69.8125,69.8125,175,4797
830727,69.6875,70,69.59375,69.59375,614,4680
830728,69.15625,69.15625,68.46875,68.46875,60,4678
830729,68.5625,68.59375,67.28125,67.9375,676,5134
830801,68.15625,68.15625,67.5625,67.96875,49,5085
830802,67.65625,68.25,67.65625,68.21875,60,5025
830803,68.15625,68.3125,67.875,68.0625,839,4297
830804,67.9375,67.9375,66.75,67.03125,2116,5069
830805,66.84375,67.25,66.84375,67.0625,230,5183
830808,66.90625,66.9375,66.40625,66.71875,179,5142
830809,66.875,67.125,66.875,67.03125,328,5243
830810,66.9375,66.96875,66.46875,66.84375,68,5175
830811,67.375,67.4375,67.125,67.375,246,5204
830812,67.6875,68.09375,67.6875,68.03125,189,5264
830815,69,69.0625,68.71875,69.03125,80,5261
830816,68.875,69.40625,68.875,69.15625,666,5264
830817,69.375,69.8125,69.1875,69.8125,28,5253
830818,70,70.0625,69.40625,69.40625,89,5164
830819,69.4375,69.4375,68.65625,68.6875,35,5129
830822,69.78125,70.40625,69.78125,70.40625,71,5058
830823,70.28125,70.34375,69.875,70.0625,93,4965
830824,70.28125,70.46875,70.15625,70.25,139,4826
830825,70.5625,70.71875,69.71875,69.8125,131,4695
830826,69.65625,69.90625,69.34375,69.90625,113,4909
830829,69.15625,69.1875,68.46875,68.53125,139,4900
830830,68.53125,68.71875,68.09375,68.09375,95,4904
830831,67.8125,68.0625,67.59375,67.78125,82,4876
830901,68.25,68.28125,67.78125,67.9375,156,4893
830902,67.75,67.78125,67.6875,67.75,1560,4945
830906,68.8125,68.875,68.625,68.625,12,4941
830907,68.6875,69.34375,68.6875,69.34375,330,4978
830908,69.53125,69.625,69.15625,69.15625,49,4966
830909,69.3125,69.46875,69.28125,69.4375,44,4954
830912,70.65625,70.8125,70.09375,70.09375,166,4971
830913,70.125,70.25,69.8125,69.84375,36,4935
830914,69.625,69.625,69.125,69.125,644,5049
830915,68.96875,69.1875,68.65625,68.75,317,5175
830916,68.96875,69.6875,68.96875,69.6875,144,5137
830919,69.6875,70.15625,69.625,69.71875,11,5148
830920,70.25,70.375,69.96875,70.09375,73,5164
830921,70.46875,70.46875,69.84375,69.90625,62,5137
830922,69.71875,70.28125,69.34375,70.1875,2256,6067
830923,70.6875,71,70.59375,70.9375,848,5296
830926,71.3125,71.3125,71,71.25,198,5098
830927,70.9375,71.09375,70.8125,71.03125,735,4962
830928,71.28125,71.28125,70.8125,70.8125,366,4625
830929,70.5625,70.84375,70.5,70.84375,55,4571
830930,70.9375,71.125,70.875,71.03125,124,4548
831003,71.09375,71.09375,70.75,70.875,1411,4511
831004,70.78125,71.125,70.78125,70.84375,2020,4473
831005,71.15625,71.5625,71.09375,71.5625,41,4479
831006,71.5625,71.75,71.46875,71.59375,1377,5293
831007,71.5,71.5625,71.28125,71.28125,419,5131
831010,70.5625,70.90625,70.5625,70.84375,79,5102
831011,70.71875,70.75,69.90625,69.90625,378,5138
831012,69.75,69.9375,69.625,69.6875,708,5592
831013,69.8125,69.8125,69.25,69.40625,1890,4739
831014,69.625,69.8125,69.625,69.8125,173,4812
831017,70.1875,70.3125,69.9375,70.1875,340,4747
831018,70.1875,70.375,69.78125,69.78125,413,4889
831019,69.75,70.25,69.75,70.15625,298,4890
831020,70,70.34375,69.9375,70.28125,112,4953
831021,70.28125,70.6875,70.28125,70.625,111,4926
831024,69.53125,69.53125,69.25,69.25,247,4865
831025,69.375,69.375,68.8125,69.09375,2321,5993
831026,69.25,69.28125,68.84375,69.25,395,5905
831027,68.9375,69.375,68.9375,69.28125,216,5997
831028,69.3125,69.40625,69.0625,69.0625,224,6060
831031,69.09375,69.21875,68.78125,68.78125,706,6065
831101,68.65625,68.9375,68.59375,68.90625,858,5964
831102,68.875,69.0625,68.8125,68.9375,89,5966
831103,68.84375,68.84375,68.40625,68.53125,17,5978
831104,68.25,68.25,68,68.03125,157,6029
831107,67.9375,68.125,67.9375,68.0625,287,5852
831108,68.15625,68.21875,68.15625,68.21875,329,5993
831109,68.21875,68.375,68.21875,68.34375,394,6025
831110,68.4375,68.96875,68.4375,68.96875,1973,7334
831111,69.4375,69.6875,69.3125,69.6875,50,7356
831114,69.40625,69.46875,69.21875,69.21875,630,7731
831115,69,69.125,68.875,69.125,1610,8945
831116,69.1875,69.4375,68.96875,69,658,9074
831117,68.78125,68.90625,68.6875,68.875,1002,9581
831118,68.875,68.875,68.65625,68.8125,324,9530
831121,69,69.3125,68.96875,69.3125,69,9540
831122,69.5,69.78125,69.375,69.78125,497,9504
831123,69.625,69.6875,69.5,69.59375,535,9644
831125,69.6875,69.90625,69.6875,69.84375,97,9572
831128,69.71875,69.71875,69.34375,69.40625,1648,11042
831129,69.375,69.9375,69.28125,69.9375,248,11082
831130,69.875,70.03125,69.59375,69.625,628,11232
831201,69.53125,69.65625,69.4375,69.59375,883,11397
831202,69,69.125,68.84375,68.84375,1576,11577
831205,68.6875,68.84375,68.46875,68.84375,315,11659
831206,68.78125,68.90625,68.65625,68.71875,502,11657
831207,68.5625,68.71875,68.4375,68.5625,178,11689
831208,68.34375,68.34375,67.90625,68,287,11722
831209,68.125,68.125,67.8125,67.875,1561,11711
831212,67.8125,68.125,67.8125,68.03125,4004,11987
831213,67.375,67.5625,67.375,67.46875,325,11803
831214,67.53125,67.625,67.25,67.28125,372,11809
831215,67.28125,67.5625,67.28125,67.4375,1249,11831
831216,67.8125,67.96875,67.75,67.96875,72,11842
831219,68.0625,68.0625,67.84375,67.96875,282,11819
831220,68.15625,68.25,67.875,67.875,213,11827
831221,68.15625,68.28125,68,68.09375,252,11745
831222,68.25,68.5,68.25,68.5,73,11744
831223,68.53125,68.625,68.375,68.5,4745,11889
831227,68.71875,68.875,68.625,68.84375,497,11655
831228,68.75,68.75,68.4375,68.46875,1369,11365
831229,68.75,68.78125,68.53125,68.625,608,11459
831230,68.53125,68.53125,68.46875,68.5,1328,11971
840103,68.28125,68.28125,68.03125,68.1875,6893,7943
840104,67.96875,68.65625,67.96875,68.625,290,7639
840105,68.8125,68.9375,68.5,68.5625,250,7507
840106,68.375,68.78125,68.375,68.75,1657,8119
840109,68.4375,68.8125,68.4375,68.6875,816,7321
840110,68.9375,69.15625,68.9375,69.0625,494,7076
840111,68.875,69,68.875,68.875,63,7071
840112,68.84375,68.90625,68.8125,68.84375,303,6945
840113,69.34375,69.90625,69.34375,69.8125,2565,6750
840116,69.65625,70.0625,69.65625,70,399,6590
840117,70.03125,70.0625,69.8125,69.84375,183,6649
840118,69.8125,69.84375,69.53125,69.625,182,6759
840119,69.59375,69.78125,69.5625,69.78125,107,6724
840120,69.65625,69.6875,69.4375,69.53125,45,6740
840123,69.4375,69.71875,69.4375,69.5625,149,6642
840124,69.5625,69.6875,69.5,69.53125,283,6570
840125,69.59375,69.59375,69.28125,69.375,39,6548
840126,69.4375,69.46875,69.3125,69.46875,77,6527
840127,69.59375,69.625,69.46875,69.46875,145,6475
840130,69.59375,69.625,69.21875,69.25,21,6488
840131,69.21875,69.28125,69.09375,69.15625,205,6693
840201,69.1875,69.28125,69.09375,69.28125,32,6661
840202,69.4375,69.71875,69.40625,69.71875,100,6561
840203,69.65625,69.65625,69.5625,69.5625,211,6406
840206,69.3125,69.3125,69.03125,69.1875,550,6451
840207,69.1875,69.1875,68.875,69.03125,1778,7681
840208,68.96875,69.0625,68.8125,68.9375,616,7450
840209,68.6875,68.75,68.625,68.71875,107,7457
840210,68.5,68.53125,68.3125,68.3125,1288,7323
840213,68.1875,68.21875,67.9375,67.96875,110,7322
840214,67.875,68.25,67.875,68.125,95,7359
840215,68.15625,68.40625,68.15625,68.25,156,7235
840216,68.125,68.34375,68.09375,68.1875,134,7200
840217,67.90625,67.96875,67.625,67.625,93,7204
840221,67.65625,67.8125,67.5,67.8125,1233,7770
840222,67.9375,67.9375,67.65625,67.65625,268,7691
840223,67.34375,67.375,66.875,66.9375,2124,7120
840224,67.3125,67.34375,67.15625,67.3125,368,6872
840227,67.34375,67.375,66.96875,67.03125,591,6952
840228,66.90625,67.125,66.71875,66.8125,2717,6635
840229,67.0625,67.4375,67.0625,67.25,1494,7252
840301,67,67.1875,66.8125,67.15625,2011,7015
840302,67.59375,67.6875,67.46875,67.53125,201,6950
840305,67.40625,67.4375,67.0625,67.09375,1546,6741
840306,66.84375,67.21875,66.78125,66.8125,1692,6029
840307,66.84375,66.9375,66.125,66.25,381,5974
840308,66.09375,66.25,65.875,66.09375,558,6103
840309,65.78125,66.09375,65.53125,66.03125,747,6175
840312,65.9375,66.375,65.9375,66.0625,236,6129
840313,66.28125,66.4375,65.90625,65.90625,1012,5944
840314,65.71875,65.84375,65.46875,65.8125,641,5941
840315,65.75,65.9375,65.71875,65.78125,407,6027
840316,66.34375,66.34375,65.53125,65.53125,960,5929
840319,65.25,65.34375,64.875,65,677,5929
840320,64.78125,65.34375,64.78125,65.21875,1356,6116
840321,65.125,65.46875,65.125,65.21875,382,5975
840322,64.9375,65.15625,64.78125,65.15625,183,6023
840323,65.375,65.46875,65.0625,65.125,1724,6757
840326,65.4375,65.53125,65.3125,65.40625,534,6620
840327,65.75,65.78125,65.28125,65.3125,176,6618
840328,65.40625,65.6875,65.21875,65.6875,599,6578
840329,65.65625,65.90625,65.625,65.875,530,6494
840330,65.40625,65.53125,65.15625,65.15625,882,6529
840402,65.3125,65.59375,65.09375,65.125,457,6569
840403,64.90625,65.03125,64.53125,64.75,951,6567
840404,64.78125,64.875,64.40625,64.53125,1587,6349
840405,64.8125,64.84375,64.46875,64.625,901,6128
840406,65.1875,65.3125,65.03125,65.28125,653,6276
840409,65.3125,65.59375,65.15625,65.5625,423,6410
840410,65.6875,65.6875,65.3125,65.3125,476,6276
840411,65.34375,65.4375,65.21875,65.40625,402,6205
840412,65.78125,65.875,65.6875,65.875,465,6322
840413,65.9375,65.96875,65,65.0625,904,6368
840416,64.875,64.90625,64.5,64.65625,2040,7125
840417,64.8125,64.90625,64.71875,64.90625,336,7191
840418,64.8125,64.84375,64.21875,64.21875,1552,7237
840419,63.8125,64.09375,63.75,63.9375,1191,7453
840423,64.125,64.3125,63.875,63.90625,1180,7263
840424,64,64.25,63.6875,64.25,626,7394
840425,64.15625,64.40625,64.125,64.375,250,7397
840426,64.4375,64.65625,64.40625,64.53125,279,7375
840427,64.28125,64.3125,63.8125,63.96875,324,7451
840430,63.6875,63.8125,63.5625,63.6875,1720,7816
840501,63.78125,63.90625,63.6875,63.6875,147,7860
840502,63.5,63.53125,63.375,63.5,581,7966
840503,63.46875,63.65625,63.28125,63.3125,1112,8288
840504,63.125,63.125,62.4375,62.53125,1318,8423
840507,62.40625,62.5,62.125,62.1875,309,8402
840508,62,62.59375,62,62.5,672,8599
840509,62.25,62.46875,61.6875,61.6875,2766,8288
840510,61.625,62.0625,61.4375,61.59375,1242,8373
840511,61.28125,61.34375,59.59375,60.4375,3160,9104
840514,60.84375,61.03125,59.65625,60.25,1139,9191
840515,60.03125,60.90625,59.90625,60.75,1634,8780
840516,60.96875,61.4375,60.53125,61.21875,2066,9070
840517,60.9375,61,60.40625,60.46875,618,9063
840518,60.5625,61.15625,60.4375,60.90625,982,9359
840521,61.40625,61.5,60.875,60.96875,1307,9279
840522,60.59375,60.78125,60.46875,60.625,1377,9795
840523,60.8125,60.90625,60.53125,60.59375,1269,10294
840524,60.25,60.28125,59.28125,59.5625,3036,10512
840525,59.875,59.875,59.125,59.59375,1513,10615
840529,59.75,59.78125,59.09375,59.1875,2512,11059
840530,58.875,59.03125,58.1875,58.75,3762,11262
840531,59.09375,59.40625,58.84375,58.96875,3265,11340
840601,59.625,60.46875,59.21875,60.375,2812,11462
840604,60.53125,61.21875,60.53125,61.1875,2001,11409
840605,60.875,61.21875,60.625,61.15625,1118,11170
840606,60.9375,61.25,60.46875,60.59375,1299,11511
840607,60.375,60.4375,59.84375,60.34375,4138,12206
840608,60.1875,60.75,60.0625,60.59375,1812,12771
840611,60.5,60.5625,59.96875,60.0625,744,12689
840612,60.09375,60.34375,59.84375,60.3125,2560,13738
840613,60.8125,61.09375,60.5,60.96875,2455,14603
840614,60.71875,61.46875,60.71875,61.3125,3460,15230
840615,62.21875,62.3125,61.71875,62.3125,5443,15236
840618,61.96875,62.25,61.59375,62.15625,2609,15421
840619,61.90625,62,61.53125,61.625,2044,15519
840620,60.46875,60.625,60,60.1875,3968,15917
840621,60.21875,60.40625,59.78125,59.875,3435,16761
840622,59.5625,59.78125,59.375,59.625,4545,17235
840625,59.9375,60.03125,59.6875,59.78125,2647,16919
840626,59.75,59.78125,59.34375,59.46875,2244,17119
840627,59.84375,60,59.46875,59.5,3024,17440
840628,59.46875,59.5,59.09375,59.25,3168,17518
840629,59.125,59.1875,58.875,59,5116,17736
840702,58.84375,59.09375,58.75,59.0625,2170,17966
840703,58.9375,59.9375,58.9375,59.875,7682,20386
840705,60.0625,60.375,59.5625,60,4073,19602
840706,59.46875,60.0625,59.28125,60.03125,2316,19533
840709,60.1875,61.65625,60.1875,61.5,8246,20903
840710,61.65625,62.03125,61.21875,61.34375,7033,21179
840711,61.15625,61.8125,61.03125,61.09375,9735,22272
840712,61.375,62.03125,61.375,61.96875,4717,21884
840713,62.5,62.9375,62.21875,62.40625,5911,22430
840716,62.5625,62.90625,62.09375,62.3125,4975,22919
840717,62.03125,62.125,61.75,61.9375,5393,23015
840718,61.84375,62.15625,61.75,62.125,7028,24621
840719,62.3125,62.5,62.0625,62.3125,4401,25243
840720,62.5625,62.65625,61.5625,61.59375,8144,25872
840723,61.25,62.09375,61.03125,61.96875,7188,25422
840724,62.5,62.59375,62.03125,62.0625,10884,27346
840725,62.1875,63.875,61.9375,63.625,14313,28327
840726,63.375,64.21875,63.28125,63.96875,8775,28120
840727,63.875,64.15625,63.5625,63.65625,6445,28122
840730,63.3125,63.5,63.0625,63.15625,4023,28332
840731,63.3125,63.96875,63.25,63.875,7237,28308
840801,63.9375,64.8125,63.65625,64.21875,11031,30776
840802,64.4375,64.84375,64.4375,64.59375,17703,40420
840803,65.59375,65.59375,65.0625,65.375,9258,41408
840806,65.09375,65.125,64.5625,64.59375,6854,41810
840807,64.5,65.1875,64.34375,64.8125,11818,42651
840808,65.125,65.3125,64.8125,65,11094,43416
840809,64.84375,65.75,64.75,65.5,9866,45616
840810,66.09375,66.09375,65.03125,65.09375,14060,47601
840813,64.8125,64.875,64.46875,64.78125,9875,47838
840814,65.21875,65.25,64.5,64.90625,11166,48795
840815,65,65.25,64.40625,64.53125,15120,49309
840816,64.3125,65.15625,64.1875,65,19136,53558
840817,65.0625,65.53125,64.78125,65.3125,10993,54159
840820,65.15625,65.65625,65.03125,65.59375,11144,55984
840821,65.5625,66.0625,65.46875,66,13498,58076
840822,66,66.21875,65.4375,65.46875,15123,59211
840823,65.4375,65.5,65.09375,65.3125,15365,60175
840824,65.40625,65.46875,65.21875,65.40625,6057,60735
840827,65.1875,65.1875,64.53125,64.625,16187,63361
840828,64.75,65.03125,64.625,64.875,17712,67087
840829,65.0625,65.0625,64.625,64.71875,20619,73430
840830,64.59375,64.9375,64.5,64.90625,60532,81551
840831,64.75,65.21875,64.625,65.15625,35064,85820
840904,64.9375,65,64.5,64.78125,73023,91625
840905,64.4375,64.75,64.3125,64.65625,107264,95595
840906,64.6875,65.8125,64.6875,65.59375,138795,104658
840907,65.875,66.28125,65.625,65.90625,130058,106386
840910,65.5625,66.4375,65.4375,66.40625,151200,117261
840911,66.59375,67.125,66.5,66.71875,144739,121351
840912,66.40625,66.9375,66.34375,66.75,104055,122500
840913,67.0625,67.375,67,67.34375,112734,119015
840914,68.1875,68.375,67.40625,67.40625,136036,126040
840917,67.25,67.65625,67.125,67.65625,118132,128706
840918,67.8125,67.9375,67.4375,67.8125,102902,135472
840919,67.96875,68.625,67.625,68.5625,176779,134558
840920,68.34375,68.75,68.125,68.5,135197,135844
840921,68.03125,68.09375,67.59375,67.6875,115852,136371
840924,67.34375,67.5,67.15625,67.3125,83980,134655
840925,67.375,67.65625,66.9375,66.9375,136848,129466
840926,67.34375,67.5625,67.15625,67.34375,88073,131020
840927,67.46875,68.3125,67.46875,68.3125,131563,128722
840928,67.96875,67.96875,67.15625,67.21875,110395,128630
841001,67.15625,67.15625,66.71875,66.875,97737,132947
841002,66.625,67.0625,66.625,66.875,78960,133704
841003,67.125,67.28125,66.5625,66.625,82806,136514
841004,66.71875,67,66.53125,66.84375,105457,139963
841005,67,67.71875,66.84375,67.5625,109737,139082
841008,67.625,67.8125,67.5625,67.6875,14718,137249
841009,68.125,68.25,67.5625,67.625,110673,137639
841010,68,68.1875,67.34375,67.53125,116956,140784
841011,67.5,67.9375,67.40625,67.84375,104315,139208
841012,67.90625,68.28125,67.90625,68.09375,113751,141373
841015,67.8125,68.46875,67.5625,67.6875,122308,141681
841016,67.78125,68,67.5625,67.78125,102613,145682
841017,68,68.375,67.75,68.28125,116609,149221
841018,68.6875,69.5,68.5,69.4375,172823,151595
841019,70,70.5,69.8125,70.28125,205936,153619
841022,70.15625,70.65625,70,70.625,131745,151827
841023,71.09375,71.40625,70.59375,70.8125,165692,150747
841024,70.96875,71,70.5,70.90625,115047,151542
841025,70.6875,70.875,70.25,70.40625,133298,150868
841026,69.90625,70.03125,69.5625,69.8125,123653,150172
841029,69.78125,70.15625,69.78125,69.96875,66908,150214
841030,70.09375,71.1875,70.09375,71.15625,153070,145505
841031,71.09375,71.5,70.75,70.78125,129456,138048
841101,70.875,71.59375,70.8125,71.53125,136056,141476
841102,71.28125,71.46875,70.75,71.28125,156295,145162
841105,71.40625,71.84375,71.0625,71.78125,121877,143338
841106,71.75,71.90625,71.65625,71.75,25144,144544
841107,71.71875,71.71875,70.84375,70.875,139614,149478
841108,70.46875,70.625,70.125,70.21875,142058,148199
841109,70.625,71.15625,70.59375,70.9375,130246,141903
841112,71.125,71.125,70.78125,70.875,13785,140288
841113,70.6875,70.6875,70.21875,70.34375,94335,136500
841114,70.25,70.46875,69.90625,70.15625,113781,134272
841115,69.78125,70.8125,69.75,70.59375,146627,133898
841116,70.84375,71.28125,70.625,70.8125,134238,131984
841119,71.03125,71.53125,71.03125,71.1875,98334,128809
841120,71.71875,71.875,71.40625,71.5625,112279,119924
841121,71.625,72.34375,71.4375,72.28125,123924,116467
841123,72.6875,73.40625,72.65625,73.25,107987,108132
841126,73.21875,73.53125,73,73.03125,115498,103864
841127,73.03125,73.3125,72.84375,73.21875,121281,98062
841128,73.25,73.375,72.53125,72.59375,115343,89030
841129,72.84375,72.84375,72.375,72.4375,41316,73349
841130,72.21875,72.375,71.625,71.625,34209,62840
841203,71.5,72.09375,71.5,71.78125,11185,58100
841204,72,72.1875,71.84375,72.0625,14028,51584
841205,72.3125,72.46875,71.9375,71.9375,20175,46887
841206,71.875,71.875,71.5,71.59375,6836,44782
841207,71.5,71.625,70.9375,70.9375,12649,40819
841210,71,71.4375,70.90625,71.40625,6180,38168
841211,71.6875,72.125,71.5625,71.8125,7943,35627
841212,71.96875,72.3125,71.875,72.03125,8077,32865
841213,71.8125,72,71.28125,71.28125,7895,31576
841214,71.5,72.53125,71.09375,72.09375,20778,30023
841217,72.09375,72.71875,72.09375,72.46875,6797,29465
841218,73.09375,73.71875,73.09375,73.6875,13299,28122
841219,73.53125,73.53125,73.125,73.25,10743,25902
