820825,69.21875,69.28125,69.21875,69.21875,61,150
820826,69.9375,69.9375,68.53125,68.53125,20,160
820827,68.28125,68.28125,67.90625,68.03125,1,160
820830,68.03125,68.28125,67.9375,68.28125,13,167
820831,68.1875,68.1875,68.1875,68.1875,0,167
820901,68.6875,68.6875,68.34375,68.53125,80,193
820902,68.375,69.21875,68.375,69.21875,12,203
820903,69.96875,69.96875,69.46875,69.46875,2,205
820907,69.5625,69.71875,69.53125,69.53125,2,205
820908,69.625,69.84375,69.625,69.84375,1,205
820909,69.46875,69.46875,69.46875,69.46875,0,205
820910,68.1875,68.1875,68.1875,68.1875,0,205
820913,68.9375,69.0625,67.9375,69.0625,1,206
820914,69,69.375,68.84375,69.09375,51,251
820915,69.71875,69.71875,68.65625,69.21875,117,284
820916,69.03125,69.3125,68.875,69.09375,4,285
820917,69.375,69.6875,69.21875,69.6875,2,285
820920,69.875,69.90625,69.875,69.90625,4,289
820921,70.25,71.3125,70.25,71.3125,86,345
820922,71.3125,71.34375,70.9375,70.9375,1,346
820923,71,71.1875,70.71875,71.09375,2,346
820924,70.75,70.90625,70.625,70.90625,24,331
820927,70.8125,71.0625,70.8125,70.875,2,331
820928,71.21875,71.3125,71.09375,71.09375,6,335
820929,70.875,70.875,70.875,70.875,0,335
820930,70.875,71.125,70.75,71.125,70,335
821001,71.75,71.75,71.75,71.75,0,335
821004,71,71,70.5625,70.78125,5,335
821005,70.96875,71.03125,70.875,71.03125,29,345
821006,71.3125,71.84375,71.3125,71.75,4,345
821007,72.84375,73.75,72.84375,73.75,4,341
821008,74.5,74.75,74.1875,74.28125,8,338
821011,75.9375,77.28125,75.9375,76.96875,54,380
821012,77,77,76.21875,76.28125,51,378
821013,76.15625,77.03125,76.15625,77.03125,42,338
821014,76.46875,76.8125,76.0625,76.0625,1,337
821015,75.8125,75.8125,75.3125,75.4375,0,337
821018,75.9375,76.25,75.9375,76.25,7,330
821019,77.0625,77.0625,76.34375,76.59375,16,330
821020,75.9375,76.21875,75.9375,76.15625,0,330
821021,76.34375,76.34375,75.8125,76.09375,6,329
821022,75.59375,75.59375,75.15625,75.3125,2,327
821025,73.875,73.875,73.875,73.875,0,327
821026,74.15625,74.5,73.90625,74.46875,35,325
821027,74.03125,74.03125,74.03125,74.03125,0,325
821028,74.4375,74.59375,74.4375,74.59375,1,324
821029,75.0625,75.53125,75.0625,75.53125,5,329
821101,75.75,76.40625,75.75,76.40625,1,328
821103,76.96875,77.46875,76.96875,77,16,327
821104,77.59375,77.59375,77.59375,77.59375,0,327
821105,77.09375,77.09375,77.09375,77.09375,0,327
821108,76.65625,76.65625,76.65625,76.65625,0,327
821109,76.8125,76.90625,76.5625,76.5625,1,327
821110,76.65625,76.65625,76.65625,76.65625,0,327
821111,76.09375,76.09375,75.96875,75.96875,2,327
821112,76.34375,76.40625,76.25,76.28125,23,310
821115,75.78125,75.9375,75.6875,75.90625,2,309
821116,75.21875,75.21875,75.21875,75.21875,0,309
821117,75.6875,76.15625,75.6875,75.8125,28,300
821118,76.03125,76.75,76.03125,76.75,2,300
821119,76.90625,76.90625,76.90625,76.90625,0,300
821122,76.78125,76.84375,76.1875,76.1875,1,300
821123,75.75,75.75,75.75,75.75,0,300
821124,75.84375,75.84375,75.3125,75.3125,204,380
821126,75.0625,75.0625,75.0625,75.0625,0,380
821129,73.59375,73.59375,73.59375,73.59375,0,380
821130,74.09375,74.09375,73.46875,73.78125,5,380
821201,74.125,74.125,73.625,73.75,1,380
821202,73.9375,73.9375,73.78125,73.78125,50,390
821203,74.75,74.75,74.75,74.75,0,390
821206,74.71875,74.84375,74.71875,74.8125,0,390
821207,74.59375,74.59375,74.59375,74.59375,0,390
821208,74.4375,74.4375,73.78125,73.78125,1,389
821209,74,74,74,74,0,389
821210,73.90625,73.90625,73.0625,73.125,2,389
821213,73.5625,73.5625,73.5625,73.5625,0,389
821214,74.46875,74.46875,74.09375,74.09375,15,389
821215,73.625,73.625,73.625,73.625,0,389
821216,73.59375,73.625,72.84375,72.84375,12,389
821217,72.9375,72.9375,72.9375,72.9375,0,389
821220,72.625,72.625,72.40625,72.40625,2,389
821221,73.03125,73.59375,73.03125,73.5625,55,389
821222,73.21875,73.21875,73.21875,73.21875,0,389
821223,73.65625,73.65625,73.65625,73.65625,0,389
821227,74.25,74.25,74.25,74.25,0,389
821228,74.1875,74.1875,74.1875,74.1875,0,389
821229,74.0625,74.0625,73.875,73.90625,84,385
821230,73.875,73.875,73.875,73.875,0,385
830103,74.75,74.84375,74.5625,74.84375,7,384
830104,74.65625,74.65625,74.65625,74.65625,0,384
830105,74.90625,74.96875,74.34375,74.40625,100,347
830106,74.28125,74.4375,74.1875,74.34375,2,347
830107,74.65625,74.71875,74.25,74.25,3,344
830110,74.0625,74.15625,74,74,1,343
830111,74.25,74.40625,74.09375,74.15625,1,342
830112,74.21875,74.3125,74.21875,74.28125,1,341
830113,74.59375,74.59375,74.25,74.25,1,340
830114,74.40625,74.40625,73.875,73.875,1,339
830117,73.96875,73.96875,73.96875,73.96875,0,339
830118,73.78125,73.84375,73.625,73.625,2,341
830119,72.53125,72.59375,72.53125,72.59375,6,336
830120,72.5625,72.78125,72.5625,72.75,6,342
830121,72.125,72.125,72.125,72.125,0,342
830124,71.875,71.875,71.5625,71.5625,20,357
830125,71.78125,71.96875,71.78125,71.90625,15,347
830126,71.1875,71.1875,71.1875,71.1875,0,347
830127,71.46875,71.625,71.375,71.59375,2,346
830128,71.25,71.25,71.25,71.25,0,346
830131,70.9375,70.9375,70.6875,70.78125,152,456
830201,70.9375,71.0625,70.78125,70.8125,59,412
830202,70.40625,71.09375,70.40625,71.09375,32,441
830203,71.03125,71.375,70.65625,70.65625,26,415
830204,70.28125,70.375,70.15625,70.15625,76,424
830207,70.46875,70.5625,70.40625,70.40625,10,434
830208,70.53125,70.5625,70.25,70.25,40,431
830209,70.25,70.25,70.25,70.25,1,430
830210,71.1875,71.1875,71.1875,71.1875,0,430
830211,71.4375,71.5,71.4375,71.4375,100,480
830214,71.5,71.65625,71.4375,71.65625,2,479
830215,71.59375,71.59375,71.25,71.25,34,445
830216,71.1875,71.84375,71.1875,71.375,0,445
830217,71.5625,71.9375,71.5,71.9375,114,492
830218,72.46875,72.46875,72.46875,72.46875,0,492
830222,73.25,73.4375,73.125,73.4375,20,508
830223,73.6875,73.75,73.125,73.125,2,508
830224,73.46875,73.46875,73.46875,73.46875,0,508
830225,74.25,74.4375,74.25,74.34375,24,488
830228,74.21875,74.21875,74.21875,74.21875,0,488
830301,74.3125,75.03125,74.3125,75.03125,6,485
830302,75.125,75.125,74.53125,74.625,85,481
830303,75.25,75.25,74.9375,75.09375,31,481
830304,75.03125,75.0625,74.84375,74.875,75,525
830307,74.0625,74.0625,73.875,73.9375,2,525
830308,73.75,73.875,73.25,73.25,0,525
830309,73.40625,73.40625,73.1875,73.3125,1,526
830310,73.375,73.375,72.875,72.875,12,538
830311,72.75,72.75,72.53125,72.5625,8,546
830314,72.65625,73.09375,72.65625,73.03125,30,576
830315,73.125,73.46875,73.125,73.46875,0,576
830316,73.125,73.53125,73.0625,73.09375,1014,1509
830317,73.21875,73.28125,72.9375,73.125,90,1534
830318,73.15625,73.34375,73.03125,73.34375,25,1534
830321,73.3125,73.375,73.21875,73.375,56,1570
830322,73.375,73.375,73.0625,73.3125,0,1570
830323,73.53125,74.25,73.46875,74.25,225,1623
830324,74.40625,74.53125,74.15625,74.21875,291,1659
830325,74.28125,74.28125,73.59375,73.59375,22,1659
830328,73.59375,73.75,73.46875,73.65625,38,1623
830329,74,74.09375,73.75,74,8,1621
830330,73.96875,73.96875,73.96875,73.96875,0,1621
830331,73.84375,73.96875,73.6875,73.6875,4,1622
830404,73.96875,73.96875,73.90625,73.96875,210,1817
830405,74.53125,74.71875,74.53125,74.71875,202,1811
830406,74.8125,74.84375,74.71875,74.75,29,1821
830407,74.71875,74.71875,74.59375,74.59375,0,1821
830408,74.53125,74.53125,74.4375,74.4375,0,1821
830411,75,75,75,75,0,1821
830412,75.09375,75.09375,74.8125,74.90625,2,1821
830413,74.90625,75.21875,74.90625,75.21875,302,1745
830414,75.375,76,75.21875,76,61,1755
830415,75.75,75.9375,75.75,75.875,3,1755
830418,75.96875,76.25,75.96875,76.25,1,1756
830419,75.5,75.5,75.375,75.375,40,1766
830420,75.40625,75.40625,75.0625,75.21875,150,1915
830421,75.125,75.125,74.71875,74.71875,42,1915
830422,74.8125,74.84375,74.625,74.84375,38,1892
830425,75,75.03125,75,75,10,1894
830426,75,75.28125,74.875,75.28125,19,1900
830427,75.40625,76,75.40625,75.75,4,1896
830428,75.59375,75.875,75.59375,75.875,18,1901
830429,76.125,76.125,76.125,76.125,0,1901
830502,76.3125,76.3125,75.875,75.875,51,1891
830503,75.75,76.0625,75.71875,76.0625,21,1885
830504,76.1875,76.6875,76.1875,76.6875,13,1896
830505,76.65625,76.8125,76.40625,76.40625,21,1887
830506,76.34375,76.8125,76.34375,76.6875,10,1894
830509,76.0625,76.0625,76.0625,76.0625,0,1894
830510,76.3125,76.5,76.25,76.5,35,1884
830511,76.46875,76.5,76.25,76.25,205,1743
830512,75.71875,75.71875,75.65625,75.71875,8,1735
830513,75.84375,75.84375,75.84375,75.84375,0,1735
830516,74.84375,74.84375,74.84375,74.84375,0,1735
830517,74.59375,74.65625,74.5625,74.5625,34,1750
830518,74.4375,74.4375,74.4375,74.4375,0,1750
830519,74.34375,74.34375,73.65625,73.6875,6,1751
830520,73.65625,73.65625,73.4375,73.46875,6,1748
830523,72.96875,73.4375,72.96875,73.4375,7,1748
830524,73.8125,73.8125,73.8125,73.8125,0,1748
830525,73.6875,73.6875,73.6875,73.6875,0,1748
830526,73.34375,73.34375,73.34375,73.34375,0,1748
830527,73.40625,73.40625,73.34375,73.34375,22,1732
830531,72.1875,72.1875,72.1875,72.1875,0,1732
830601,72.5,72.5,72.5,72.5,0,1732
830602,72.53125,72.53125,72.53125,72.53125,0,1732
830603,72.53125,72.53125,72.4375,72.5,1,1731
830606,72.9375,72.9375,72.9375,72.9375,0,1731
830607,72.59375,72.59375,72.59375,72.59375,0,1731
830608,72.53125,72.59375,72.21875,72.25,4,1731
830609,72.65625,72.65625,72.4375,72.65625,43,1728
830610,72.53125,72.53125,72.53125,72.53125,0,1728
830613,73.15625,73.5,72.84375,73.46875,50,1728
830614,73.1875,73.34375,73.1875,73.21875,4,1724
830615,73.21875,73.65625,73.21875,73.59375,24,1702
830616,73.78125,74.125,73.59375,74.125,8,1694
830617,74.125,74.125,73.65625,73.84375,201,1801
830620,73.625,73.625,73.25,73.375,8,1799
830621,73.0625,73.4375,73,73.4375,156,1802
830622,73.4375,73.4375,73.15625,73.15625,9,1811
830623,73,73.15625,72.6875,73.0625,2,1811
830624,72.4375,72.59375,72.125,72.125,12,1803
830627,72.03125,72.03125,71.46875,71.46875,37,1830
830628,71.90625,72,71.65625,71.65625,242,1843
830629,71.875,72.0625,71.78125,72.0625,629,1952
830630,72.3125,72.375,72.25,72.3125,4,1955
830701,72.375,72.375,72.3125,72.375,2,1957
830705,71,71.03125,70.875,70.9375,2193,2987
830706,71.125,71.1875,70.9375,71.1875,772,2904
830707,70.625,70.71875,70.40625,70.59375,2364,4448
830708,70.59375,70.625,70.09375,70.09375,143,4441
830711,70.59375,70.625,70.5,70.5,2,4443
830712,70.40625,70.40625,69.75,69.75,18,4459
830713,69.90625,70,69.75,69.75,433,4178
830714,70.34375,70.34375,69.84375,69.96875,227,4064
830715,69.65625,69.875,69.40625,69.875,51,2268
830718,70.15625,70.53125,70.03125,70.53125,193,2242
830719,70.65625,70.8125,70.53125,70.65625,17,2240
830720,71.65625,71.65625,70.9375,70.9375,92,2013
830721,70.84375,70.84375,70.53125,70.53125,2,2013
830722,70.28125,70.28125,69.59375,69.71875,88,2070
830725,70.03125,70.28125,70.03125,70.28125,178,2118
830726,69.84375,70.125,69.625,69.625,19,2103
830727,69.75,69.8125,69.375,69.375,2,2103
830728,68.78125,68.84375,68.25,68.25,5,2106
830729,67.75,67.75,67.75,67.75,0,2106
830801,67.4375,67.875,67.4375,67.78125,414,2486
830802,68.0625,68.0625,67.84375,68.03125,136,2414
830803,68,68.125,67.6875,67.84375,691,2234
830804,67.5625,67.625,66.53125,66.84375,420,2456
830805,66.875,67,66.84375,66.84375,577,2529
830808,66.34375,66.5,66.1875,66.5,76,2458
830809,66.65625,66.90625,66.65625,66.8125,37,2421
830810,66.71875,66.71875,66.25,66.625,457,2543
830811,67.09375,67.21875,66.90625,67.125,1856,3401
830812,67.4375,67.84375,67.4375,67.78125,160,3422
830815,68.59375,68.78125,68.5625,68.78125,43,3438
830816,68.875,69.125,68.8125,68.90625,1,3438
830817,69.5625,69.5625,69.5625,69.5625,0,3438
830818,69.625,69.625,69.1875,69.1875,2,3436
830819,68.4375,68.6875,68.4375,68.46875,5,3431
830822,69.78125,70.15625,69.78125,70.15625,214,3217
830823,69.90625,69.9375,69.625,69.8125,139,3078
830824,70.125,70.21875,69.9375,70,47,3031
830825,69.53125,69.53125,69.53125,69.53125,3,3028
830826,69.1875,69.65625,69.09375,69.65625,45,3221
830829,68.5,68.5,68.25,68.28125,22,3233
830830,68.46875,68.46875,67.84375,67.84375,1,3233
830831,67.71875,67.75,67.34375,67.53125,7,3239
830901,67.625,67.6875,67.59375,67.6875,15,3233
830902,67.53125,67.53125,67.46875,67.5,14,3224
830906,68.375,68.375,68.375,68.375,0,3224
830907,68.625,69.09375,68.59375,69.09375,33,3212
830908,68.90625,68.90625,68.90625,68.90625,0,3212
830909,69.1875,69.1875,69.1875,69.1875,0,3212
830912,70.3125,70.375,69.84375,69.84375,62,3222
830913,69.875,70,69.5625,69.59375,14,3232
830914,69.4375,69.53125,68.875,68.875,488,3393
830915,68.5,68.5,68.5,68.5,0,3393
830916,68.9375,69.4375,68.9375,69.4375,15,3378
830919,69.4375,69.90625,69.40625,69.46875,8,3374
830920,70,70.03125,69.71875,69.84375,2,3374
830921,70.0625,70.15625,69.625,69.65625,187,3188
830922,69.375,70,69.1875,69.9375,18,3196
830923,70.6875,70.6875,70.6875,70.6875,0,3198
830926,70.9375,71.03125,70.75,71,3,3198
830927,70.6875,70.78125,70.5625,70.78125,36,3208
830928,70.875,70.875,70.5625,70.5625,277,3189
830929,70.46875,70.59375,70.46875,70.59375,10,3181
830930,70.6875,70.875,70.65625,70.78125,39,3142
831003,70.875,70.875,70.5,70.625,365,3229
831004,70.53125,70.875,70.53125,70.59375,191,3245
831005,71.0625,71.3125,70.84375,71.3125,17,3245
831006,71.3125,71.46875,71.3125,71.34375,17,3246
831007,71.28125,71.28125,71.03125,71.03125,42,3246
831010,70.3125,70.625,70.3125,70.59375,495,3616
831011,70.25,70.25,69.65625,69.65625,120,3470
831012,69.5,69.625,69.375,69.4375,841,4138
831013,69.40625,69.40625,69.03125,69.15625,20,4118
831014,69.5,69.5625,69.46875,69.53125,207,4187
831017,69.875,69.875,69.875,69.875,0,4187
831018,69.875,69.96875,69.46875,69.46875,91,4244
831019,69.4375,69.875,69.4375,69.84375,131,4252
831020,69.8125,70.03125,69.625,69.96875,62,4292
831021,70.25,70.375,70.25,70.3125,79,4322
831024,69.09375,69.15625,68.9375,68.9375,191,4449
831025,68.84375,68.84375,68.53125,68.78125,318,4379
831026,68.71875,68.9375,68.625,68.9375,20,4370
831027,68.625,69.0625,68.625,68.96875,256,4434
831028,68.875,68.875,68.75,68.75,1,4434
831031,68.75,68.90625,68.4375,68.4375,796,4048
831101,68.3125,68.5625,68.3125,68.5625,76,4026
831102,68.5625,68.75,68.5,68.625,22,4030
831103,68.46875,68.46875,68.09375,68.1875,65,4066
831104,67.6875,67.75,67.6875,67.71875,52,4064
831107,67.75,67.8125,67.65625,67.71875,70,4103
831108,67.8125,67.90625,67.8125,67.90625,124,4150
831109,67.875,68.03125,67.875,68.03125,587,3864
831110,68.28125,68.625,68.28125,68.625,925,4295
831111,69,69.34375,69,69.34375,59,4236
831114,69.125,69.125,68.875,68.875,114,4298
831115,68.71875,68.78125,68.625,68.78125,921,5188
831116,68.8125,69.0625,68.65625,68.65625,27,5191
831117,68.53125,68.53125,68.34375,68.5,301,5436
831118,68.40625,68.46875,68.34375,68.46875,9,5426
831121,68.625,68.96875,68.625,68.96875,198,5467
831122,69.1875,69.40625,69.125,69.40625,82,5510
831123,69.15625,69.21875,69.15625,69.21875,126,5545
831125,69.46875,69.5625,69.46875,69.46875,70,5519
831128,69.25,69.25,69,69.03125,1683,6775
831129,68.9375,69.5625,68.9375,69.5625,177,6851
831130,69.65625,69.65625,69.1875,69.25,102,6866
831201,69.1875,69.3125,69.09375,69.21875,80,6882
831202,68.84375,68.84375,68.46875,68.46875,248,7038
831205,68.25,68.46875,68.1875,68.46875,693,7620
831206,68.3125,68.5,68.28125,68.34375,69,7652
831207,68.1875,68.28125,68.09375,68.1875,121,7677
831208,67.90625,67.90625,67.59375,67.625,66,7628
831209,67.625,67.625,67.46875,67.5,2244,6624
831212,67.59375,67.71875,67.59375,67.625,253,6846
831213,67,67.125,67,67.0625,4253,6953
831214,67.125,67.21875,66.78125,66.84375,592,7356
831215,66.84375,67.125,66.84375,67,1371,6678
831216,67.375,67.5625,67.3125,67.5625,78,6678
831219,67.5,67.65625,67.40625,67.5625,161,6680
831220,67.71875,67.84375,67.46875,67.46875,3311,6488
831221,67.71875,67.84375,67.59375,67.6875,504,6789
831222,67.8125,68.09375,67.8125,68.09375,51,6743
831223,68.125,68.1875,67.96875,68.09375,192,6780
831227,68.25,68.46875,68.21875,68.40625,2237,6862
831228,68.28125,68.28125,68,68.03125,626,6940
831229,68.25,68.34375,68.0625,68.1875,3021,8770
831230,68.0625,68.125,68,68.0625,358,8701
840103,67.625,67.75,67.625,67.75,6385,5887
840104,67.6875,68.1875,67.6875,68.1875,158,5863
840105,68.375,68.46875,68.0625,68.125,636,6372
840106,68.21875,68.34375,68.15625,68.3125,543,5841
840109,68.03125,68.34375,68.03125,68.21875,169,6010
840110,68.53125,68.625,68.5,68.59375,333,6343
840111,68.4375,68.5,68.40625,68.40625,40,6383
840112,68.375,68.4375,68.34375,68.40625,1022,7245
840113,68.84375,69.40625,68.84375,69.34375,208,7219
840116,69.28125,69.59375,69.28125,69.5625,245,7215
840117,69.40625,69.4375,69.375,69.375,310,7273
840118,69.28125,69.3125,69.0625,69.15625,186,7300
840119,69.09375,69.3125,69.09375,69.3125,922,7577
840120,69.1875,69.1875,68.96875,69.0625,174,7403
840123,68.9375,69.25,68.9375,69.09375,45,7358
840124,69.09375,69.1875,69.03125,69.0625,43,7315
840125,69.09375,69.09375,68.875,68.90625,57,7258
840126,68.9375,69,68.875,69,50,7208
840127,69.125,69.125,69,69,41,7167
840130,69.125,69.15625,68.78125,68.78125,99,7068
840131,68.75,68.75,68.6875,68.6875,48,7020
840201,68.625,68.8125,68.625,68.8125,31,6989
840202,68.9375,69.25,68.9375,69.25,98,6891
840203,69.15625,69.1875,69.03125,69.0625,209,6909
840206,68.75,68.75,68.5625,68.6875,182,6842
840207,68.625,68.625,68.4375,68.53125,140,6872
840208,68.375,68.5625,68.3125,68.4375,142,6755
840209,68.21875,68.28125,68.09375,68.21875,504,6575
840210,68.125,68.125,67.8125,67.8125,323,6613
840213,67.65625,67.65625,67.46875,67.46875,26,6610
840214,67.53125,67.71875,67.53125,67.625,114,6524
840215,67.5625,67.90625,67.53125,67.75,71,6503
840216,67.78125,67.8125,67.65625,67.6875,33,6524
840217,67.40625,67.46875,67.125,67.125,85,6552
840221,67.15625,67.3125,67.03125,67.3125,228,6556
840222,67.46875,67.46875,67.15625,67.15625,324,6523
840223,66.84375,66.875,66.4375,66.46875,739,6296
840224,66.875,66.875,66.71875,66.84375,851,5843
840227,66.90625,66.90625,66.53125,66.5625,383,5861
840228,66.4375,66.625,66.3125,66.375,2073,6570
840229,66.625,67,66.625,66.8125,1393,6428
840301,66.5625,66.78125,66.40625,66.75,648,6212
840302,67.125,67.25,67.09375,67.125,236,6079
840305,67.03125,67.03125,66.6875,66.6875,96,6049
840306,66.46875,66.75,66.375,66.40625,426,5991
840307,66.59375,66.59375,65.71875,65.84375,683,5972
840308,65.75,65.84375,65.53125,65.6875,116,5936
840309,65.40625,65.6875,65.21875,65.625,18,5941
840312,65.59375,65.9375,65.59375,65.625,163,5947
840313,65.90625,65.90625,65.46875,65.46875,392,5716
840314,65.1875,65.46875,65.1875,65.40625,490,5718
840315,65.46875,65.53125,65.34375,65.375,256,5747
840316,65.96875,65.96875,65.09375,65.09375,108,5685
840319,64.6875,64.90625,64.5,64.59375,143,5788
840320,64.625,64.90625,64.4375,64.8125,603,6161
840321,64.71875,65.03125,64.71875,64.78125,191,6238
840322,64.5625,64.75,64.4375,64.75,127,6243
840323,64.96875,64.96875,64.65625,64.6875,25,6260
840326,64.84375,65.0625,64.84375,64.96875,13,6272
840327,65.3125,65.3125,64.875,64.875,32,6247
840328,64.96875,65.21875,64.78125,65.21875,347,6079
840329,65.15625,65.4375,65.15625,65.4375,130,6060
840330,65.03125,65.0625,64.71875,64.71875,104,6073
840402,65,65.125,64.625,64.6875,161,6228
840403,64.40625,64.59375,64.15625,64.34375,42,6231
840404,64.34375,64.40625,64.03125,64.09375,45,6225
840405,64.3125,64.40625,64.03125,64.21875,123,6235
840406,64.625,64.84375,64.625,64.84375,14,6235
840409,64.9375,65.125,64.78125,65.125,150,6182
840410,65.28125,65.28125,64.875,64.875,53,6171
840411,64.9375,65,64.8125,65,375,5960
840412,65.3125,65.46875,65.25,65.46875,143,6050
840413,65.4375,65.46875,64.625,64.65625,121,6041
840416,64.5,64.5,64.09375,64.28125,197,6031
840417,64.4375,64.53125,64.3125,64.53125,198,6000
840418,64.4375,64.4375,63.8125,63.8125,775,5930
840419,63.4375,63.6875,63.4375,63.5625,270,5859
840423,63.6875,63.875,63.5,63.5625,144,5866
840424,63.65625,63.875,63.34375,63.875,61,5908
840425,63.8125,64,63.75,64,290,5942
840426,64.09375,64.25,64.0625,64.15625,594,5702
840427,63.875,63.875,63.46875,63.59375,90,5716
840430,63.34375,63.4375,63.25,63.3125,433,5675
840501,63.40625,63.53125,63.3125,63.3125,95,5637
840502,63.03125,63.125,63,63.125,21,5632
840503,63.0625,63.25,62.90625,62.9375,374,5721
840504,62.6875,62.71875,62.09375,62.15625,197,5756
840507,61.9375,62.125,61.78125,61.8125,237,5775
840508,61.71875,62.1875,61.625,62.125,860,5525
840509,61.90625,62.0625,61.25,61.34375,2173,5214
840510,61.21875,61.71875,61.125,61.28125,854,5248
840511,60.8125,61.0625,59.4375,60.21875,714,5145
840514,60.5625,60.75,59.59375,60,624,5163
840515,59.625,60.5625,59.625,60.4375,915,5220
840516,60.71875,61.03125,60.25,60.90625,813,5279
840517,60.625,60.6875,60.09375,60.15625,216,5254
840518,60.3125,60.84375,60.25,60.5625,406,5428
840521,61.125,61.15625,60.5625,60.65625,142,5427
840522,60.21875,60.4375,60.1875,60.3125,290,5498
840523,60.46875,60.53125,60.25,60.28125,120,5521
840524,59.78125,59.84375,59.03125,59.21875,569,5640
840525,59.5,59.5625,58.8125,59.25,367,5705
840529,59.4375,59.4375,58.71875,58.8125,343,5590
840530,58.53125,58.65625,57.84375,58.375,708,5483
840531,58.5625,58.96875,58.4375,58.59375,765,5698
840601,59.25,60,58.875,60,213,5652
840604,60.15625,60.78125,60.15625,60.78125,329,5739
840605,60.59375,60.875,60.28125,60.75,558,5740
840606,60.59375,60.75,60,60.1875,262,5804
840607,59.90625,59.96875,59.4375,59.90625,733,6111
840608,59.75,60.25,59.6875,60.15625,333,6264
840611,60.09375,60.09375,59.5625,59.625,98,6286
840612,59.625,59.875,59.5,59.875,198,6275
840613,60.34375,60.625,60.09375,60.53125,279,6277
840614,60.3125,60.9375,60.3125,60.875,191,6316
840615,61.46875,61.875,61.3125,61.875,384,6267
840618,61.5,61.75,61.21875,61.71875,250,6385
840619,61.53125,61.53125,61.15625,61.1875,555,6256
840620,60.03125,60.125,59.5625,59.78125,657,6198
840621,59.84375,60,59.40625,59.46875,233,6271
840622,59.25,59.34375,58.96875,59.21875,506,6072
840625,59.53125,59.53125,59.28125,59.34375,136,6102
840626,59.34375,59.34375,58.9375,59.03125,193,6151
840627,59.46875,59.53125,59.0625,59.0625,330,6189
840628,59.03125,59.03125,58.6875,58.84375,256,6117
840629,58.6875,58.71875,58.46875,58.5625,329,6266
840702,58.46875,58.625,58.375,58.625,301,6200
840703,58.5625,59.4375,58.53125,59.4375,234,6269
840705,59.625,59.875,59.09375,59.53125,400,6069
840706,59,59.59375,58.875,59.53125,273,6072
840709,59.71875,61.09375,59.71875,61,933,6087
840710,61,61.46875,60.75,60.84375,533,6153
840711,60.625,61.3125,60.5625,60.625,1004,6439
840712,61,61.59375,61,61.5625,1168,6497
840713,62.15625,62.46875,61.8125,62,1741,6352
840716,62.0625,62.4375,61.65625,61.90625,249,6333
840717,61.53125,61.6875,61.34375,61.53125,1647,6860
840718,61.4375,61.71875,61.34375,61.65625,1089,6716
840719,61.78125,62,61.65625,61.84375,414,6627
840720,61.96875,62.15625,61.09375,61.125,377,6587
840723,60.8125,61.625,60.625,61.53125,453,6652
840724,62.125,62.125,61.59375,61.59375,605,6531
840725,61.75,63.4375,61.5,63.1875,906,6615
840726,63.09375,63.71875,62.84375,63.53125,431,6504
840727,63.46875,63.65625,63.125,63.1875,219,6527
840730,62.84375,63.03125,62.65625,62.6875,140,6508
840731,62.8125,63.46875,62.8125,63.40625,232,6538
840801,63.46875,64.3125,63.1875,63.75,757,6620
840802,63.90625,64.34375,63.90625,64.125,703,6628
840803,65,65.09375,64.59375,64.90625,577,6767
840806,64.625,64.625,64.09375,64.125,715,7235
840807,63.96875,64.6875,63.875,64.34375,989,7412
840808,64.65625,64.8125,64.375,64.5,531,7727
840809,64.3125,65.21875,64.28125,65,382,7730
840810,65.40625,65.5,64.5,64.5625,962,7953
840813,64.15625,64.34375,63.9375,64.25,500,8032
840814,64.59375,64.65625,63.9375,64.3125,1445,8083
840815,64.375,64.625,63.8125,63.96875,889,8145
840816,63.59375,64.5,63.59375,64.4375,1035,8433
840817,64.5,64.8125,64.25,64.75,1157,8488
840820,64.59375,65.0625,64.5,65.03125,1010,8475
840821,64.9375,65.4375,64.875,65.4375,643,8295
840822,65.40625,65.59375,64.90625,64.90625,883,8629
840823,64.90625,64.9375,64.5,64.75,405,8565
840824,64.75,64.875,64.6875,64.84375,757,8710
840827,64.53125,64.5625,64,64.09375,745,8889
840828,64.15625,64.4375,64.0625,64.34375,1095,9281
840829,64.4375,64.46875,64.0625,64.1875,1197,9691
840830,64.03125,64.375,63.96875,64.375,747,9783
840831,64.09375,64.6875,64.09375,64.625,930,9749
840904,64.3125,64.4375,63.96875,64.25,1647,9851
840905,63.84375,64.1875,63.75,64.09375,12153,14055
840906,64.15625,65.21875,64.125,65.03125,5365,16257
840907,65.3125,65.75,65.09375,65.34375,2588,16192
840910,64.9375,65.875,64.875,65.8125,2059,15898
840911,66.03125,66.53125,65.96875,66.15625,2184,16252
840912,65.875,66.375,65.84375,66.15625,1001,16474
840913,66.5,66.8125,66.46875,66.75,8548,21095
840914,67.5625,67.75,66.84375,66.84375,7794,19860
840917,66.59375,67.09375,66.5625,67.0625,5922,20770
840918,67.1875,67.3125,66.875,67.21875,4568,21329
840919,67.28125,68.03125,67.0625,67.96875,4733,22100
840920,67.8125,68.15625,67.53125,67.90625,3051,21839
840921,67.46875,67.5,67.03125,67.09375,2995,22172
840924,66.875,66.9375,66.59375,66.75,2125,22388
840925,66.78125,67.0625,66.34375,66.375,4695,22763
840926,66.625,66.96875,66.59375,66.75,2067,23025
840927,66.90625,67.78125,66.90625,67.71875,4942,24169
840928,67.34375,67.34375,66.5625,66.625,3983,24852
841001,66.5625,66.5625,66.15625,66.3125,4607,24532
841002,66.0625,66.53125,66.0625,66.34375,5183,24923
841003,66.59375,66.78125,66.0625,66.09375,3766,25428
841004,66.1875,66.46875,66,66.28125,2855,25656
841005,66.4375,67.1875,66.3125,67,2949,26109
841008,67.0625,67.28125,67.03125,67.125,1080,26307
841009,67.5625,67.6875,67,67.0625,4978,26163
841010,67.4375,67.625,66.78125,66.96875,3893,26614
841011,66.90625,67.375,66.875,67.25,3835,27034
841012,67.3125,67.71875,67.3125,67.5,15758,37897
841015,67.25,67.875,67,67.09375,3177,37756
841016,67.1875,67.375,66.96875,67.1875,4309,38637
841017,67.46875,67.78125,67.15625,67.65625,4971,38241
841018,68.0625,68.84375,67.875,68.78125,11670,41080
841019,69.375,69.78125,69.15625,69.59375,32923,44311
841022,69.4375,70,69.34375,69.9375,9013,45673
841023,70.375,70.6875,69.9375,70.125,27802,46852
841024,70.25,70.3125,69.84375,70.1875,6231,47485
841025,70,70.15625,69.53125,69.6875,6203,48946
841026,69.28125,69.3125,68.875,69.125,6342,48863
841029,69.09375,69.46875,69.0625,69.28125,4298,49292
841030,69.4375,70.46875,69.40625,70.40625,10948,49879
841031,70.34375,70.75,70,70.03125,11997,50852
841101,70.09375,70.84375,70.0625,70.78125,8601,50957
841102,70.53125,70.75,70.0625,70.5625,11277,50103
841105,70.75,71.125,70.34375,71.0625,6712,50991
841106,71.03125,71.1875,70.9375,71,3155,49987
841107,71,71,70.09375,70.125,8602,49822
841108,69.6875,69.875,69.40625,69.46875,7108,50963
841109,69.8125,70.4375,69.8125,70.1875,6623,51352
841112,70.28125,70.34375,70.0625,70.125,1444,51432
841113,69.96875,69.96875,69.5,69.5625,16827,52477
841114,69.46875,69.6875,69.125,69.375,8650,53925
841115,69,70.03125,68.9375,69.78125,13867,55371
841116,69.96875,70.46875,69.84375,70,9021,55568
841119,70.25,70.71875,70.21875,70.375,8953,57409
841120,70.9375,71.03125,70.5625,70.71875,11293,57517
841121,70.84375,71.5625,70.59375,71.46875,17894,61893
841123,71.875,72.6875,71.8125,72.53125,20258,64954
841126,72.625,72.8125,72.28125,72.34375,29315,72269
841127,72.3125,72.59375,72.125,72.53125,22270,76307
841128,72.625,72.65625,71.84375,71.90625,25206,81204
841129,72.125,72.125,71.65625,71.71875,113965,97972
841130,71.40625,71.65625,70.875,70.90625,141624,105125
841203,70.8125,71.34375,70.8125,71.0625,94127,106296
841204,71.25,71.46875,71.125,71.34375,106770,109830
841205,71.625,71.75,71.15625,71.1875,112749,108736
841206,71.1875,71.1875,70.71875,70.84375,96292,109614
841207,70.75,70.84375,70.15625,70.1875,128884,111991
841210,70.21875,70.65625,70.125,70.65625,73424,112956
841211,70.875,71.34375,70.8125,71.03125,127020,112527
841212,71.1875,71.53125,71.09375,71.25,97181,115393
841213,71.0625,71.21875,70.46875,70.46875,141408,120464
841214,70.625,71.6875,70.25,71.28125,188172,117093
841217,71.21875,71.875,71.21875,71.59375,124034,121441
841218,72.3125,72.75,72.25,72.6875,156468,131128
841219,72.46875,72.53125,72.09375,72.28125,102295,132767
841220,72.1875,72.65625,72,72.25,95165,133765
841221,72.40625,72.53125,72.25,72.34375,43151,133249
841224,72.4375,72.625,72.40625,72.46875,17546,132608
841226,72.53125,72.53125,71.625,71.71875,52829,133502
841227,71.65625,71.875,71.46875,71.5625,58572,135080
841228,71.5625,71.71875,71.375,71.53125,59944,131562
841231,71.375,71.46875,71,71.0625,28184,132133
850102,71.03125,71.0625,70.28125,70.34375,96541,129650
850103,70.15625,70.875,70.09375,70.65625,122494,129924
850104,70.96875,70.96875,70.0625,70.3125,120191,130628
850107,70.90625,71.5625,70.90625,71.4375,119929,131567
850108,71.46875,71.8125,71.21875,71.71875,129564,129207
850109,71.71875,71.96875,71.5,71.5625,111472,130025
850110,71.46875,71.5,71.09375,71.4375,126156,131178
850111,71.3125,71.5,70.65625,70.78125,144161,129992
850114,70.59375,70.75,70.28125,70.5,104116,131623
850115,71.03125,71.375,70.78125,70.9375,160595,130426
850116,70.75,70.90625,70.53125,70.78125,102074,127183
850117,70.875,71.15625,70.71875,70.84375,84320,125119
850118,71.375,71.5625,71.21875,71.40625,91264,122855
850121,71.40625,71.4375,71.28125,71.34375,12456,122141
850122,71.28125,72.21875,71.28125,72.21875,134353,126530
850123,72.34375,72.71875,72.34375,72.4375,127607,125060
850124,72.46875,73.625,72.25,73.59375,214092,128428
850125,73.625,73.96875,73.25,73.34375,167352,130915
850128,73.25,73.78125,73.09375,73.4375,163382,125359
850129,73.09375,73.71875,73.03125,73.59375,139892,129445
850130,73.9375,74.21875,73.40625,73.5,164634,133026
850131,73.46875,73.65625,72.96875,73.1875,144896,131076
850201,72.90625,72.90625,72.3125,72.4375,160081,131698
850204,72.09375,72.59375,72.03125,72.40625,104728,130600
850205,72.625,72.84375,72.46875,72.6875,138608,130616
850206,72.78125,72.875,72.125,72.125,142134,137222
850207,72.25,72.40625,71.65625,71.84375,178473,137549
850208,71.53125,72.375,71.46875,72.21875,181657,137187
850211,72.28125,72.5625,71.6875,71.8125,124111,131793
850212,71.6875,71.84375,71.625,71.8125,19641,130944
850213,71.8125,72.09375,71.65625,71.84375,124969,130396
850214,72.25,72.5625,72.09375,72.5,122552,125001
850215,72.46875,72.5625,71.65625,71.6875,164268,127003
850219,71.6875,71.9375,71.59375,71.8125,92089,118428
850220,71.46875,71.46875,70.8125,70.875,170102,117914
850221,70.5,70.5,70.09375,70.3125,184708,114896
850222,70.5625,70.71875,69.375,69.8125,231202,111385
850225,69.8125,69.9375,69.25,69.78125,147913,106387
850226,70,70.28125,69.59375,70.25,184481,93431
850227,69.78125,69.9375,69.125,69.15625,55824,77470
850228,69.25,69.4375,68.71875,68.875,30861,66715
850301,68.625,69.40625,68.46875,69.28125,20413,59372
850304,69.3125,69.5625,68.59375,68.6875,17840,50801
850305,69.0625,69.28125,68.875,69.21875,11954,44586
850306,69.34375,69.53125,68.75,68.78125,9822,41707
850307,68.46875,68.6875,68.25,68.625,15388,34407
850308,69.25,69.84375,69.1875,69.8125,11205,29969
850311,70.0625,70.0625,69.625,69.875,7950,26849
850312,69.53125,69.75,69.4375,69.75,7428,24705
850313,69.21875,69.40625,69.09375,69.21875,7722,21808
850314,68.96875,69.25,68.8125,69.21875,6357,18314
850315,69.34375,69.59375,69.03125,69.0625,2857,16641
850318,69.1875,69.25,68.46875,68.5,5086,12742
850319,68.28125,68.84375,68.28125,68.84375,6964,9515
850320,69.40625,69.40625,69.09375,69.09375,4091,6635
