831221,66.25,66.34375,66.0625,66.15625,2,0
831222,66.375,66.5625,66.375,66.53125,0,0
831223,66.59375,66.625,66.4375,66.53125,26,22
831227,66.6875,66.84375,66.65625,66.84375,4,24
831228,66.65625,66.65625,66.34375,66.34375,2,24
831229,66.40625,66.53125,66.40625,66.46875,1,25
831230,66.21875,66.34375,66.21875,66.28125,3,26
840103,66,66.03125,65.90625,66.03125,1,26
840104,66.4375,66.4375,66.4375,66.4375,0,26
840105,66.3125,66.3125,66.3125,66.3125,0,26
840106,66.46875,66.46875,66.46875,66.46875,0,26
840109,66.46875,66.46875,66.375,66.375,1,25
840110,66.75,66.75,66.75,66.75,0,25
840111,66.5625,66.5625,66.5625,66.5625,0,25
840112,66.53125,66.53125,66.53125,66.53125,0,25
840113,67.3125,67.53125,67.1875,67.40625,5,25
840116,67.59375,67.71875,67.59375,67.6875,34,40
840117,67.65625,67.65625,67.40625,67.40625,40,60
840118,67.46875,67.46875,67.09375,67.28125,15,72
840119,67.34375,67.34375,67.34375,67.34375,0,72
840120,67.15625,67.15625,67.0625,67.125,20,66
840123,67.15625,67.15625,67.15625,67.15625,0,66
840124,67.1875,67.1875,67.09375,67.125,2,68
840125,67,67,66.9375,66.9375,2,69
840126,67.03125,67.03125,67.03125,67.03125,0,69
840127,67.0625,67.0625,67.0625,67.0625,0,69
840130,67.1875,67.1875,66.84375,66.84375,24,92
840131,66.75,66.75,66.75,66.75,0,92
840201,66.875,66.875,66.875,66.875,0,92
840202,67.25,67.25,67.25,67.25,0,92
840203,67,67,66.9375,66.9375,50,122
840206,66.53125,66.53125,66.53125,66.53125,0,122
840207,66.25,66.25,66.25,66.25,0,122
840208,66.15625,66.15625,66.15625,66.15625,0,122
840209,65.78125,65.9375,65.75,65.9375,6,116
840210,65.71875,65.71875,65.53125,65.53125,2,116
840213,65.1875,65.1875,65.1875,65.1875,0,116
840214,65.375,65.375,65.34375,65.34375,3,116
840215,65.40625,65.40625,65.40625,65.40625,0,116
840216,65.40625,65.40625,65.3125,65.34375,11,122
840217,65.15625,65.21875,64.78125,64.78125,58,159
840221,64.8125,65.09375,64.75,65.03125,74,222
840222,64.90625,64.90625,64.90625,64.90625,0,222
840223,64.625,64.625,64.1875,64.1875,177,330
840224,64.6875,64.6875,64.5,64.59375,11,325
840227,64.375,64.40625,64.375,64.40625,5,325
840228,64.3125,64.46875,64.15625,64.3125,40,328
840229,64.71875,65.125,64.71875,64.875,53,326
840301,64.71875,64.9375,64.6875,64.9375,16,341
840302,65.3125,65.3125,65.25,65.3125,32,369
840305,65.09375,65.09375,65.09375,65.09375,0,369
840306,65.09375,65.125,64.78125,64.78125,2,369
840307,64.9375,64.9375,64.1875,64.25,3,370
840308,64.15625,64.15625,64.09375,64.09375,2,372
840309,63.59375,64.09375,63.59375,63.96875,23,372
840312,63.875,64.28125,63.875,63.9375,26,373
840313,64.15625,64.15625,63.6875,63.6875,2,375
840314,63.53125,63.75,63.53125,63.75,21,370
840315,63.71875,63.84375,63.71875,63.71875,50,388
840316,63.78125,63.90625,63.40625,63.40625,14,400
840319,63.03125,63.15625,62.84375,62.9375,6,405
840320,62.9375,63.15625,62.9375,63.15625,6,405
840321,63.125,63.125,63.125,63.125,0,405
840322,63.03125,63.03125,63.03125,63.03125,3,406
840323,63.15625,63.15625,62.84375,62.96875,12,410
840326,63.25,63.25,63.25,63.25,0,410
840327,63.15625,63.15625,63.15625,63.15625,0,410
840328,63.125,63.375,63.125,63.375,86,326
840329,63.4375,63.59375,63.40625,63.59375,4,328
840330,62.875,63.0625,62.84375,62.875,2,328
840402,62.90625,62.96875,62.71875,62.96875,12,328
840403,62.53125,62.6875,62.4375,62.6875,15,328
840404,62.40625,62.4375,62.40625,62.4375,3,327
840405,62.65625,62.65625,62.4375,62.53125,3,330
840406,63.15625,63.15625,63.15625,63.15625,0,330
840409,63.4375,63.4375,63.4375,63.4375,0,330
840410,63.1875,63.1875,63.1875,63.1875,0,330
840411,63.3125,63.3125,63.3125,63.3125,0,330
840412,63.78125,63.78125,63.78125,63.78125,0,330
840413,63.34375,63.34375,63.1875,63.1875,6,332
840416,62.875,62.875,62.875,62.875,0,332
840417,63.0625,63.0625,63,63.0625,5,332
840418,62.625,62.75,62.5,62.5,13,327
840419,62.09375,62.34375,62.09375,62.25,19,323
840423,62.25,62.25,62.25,62.25,0,323
840424,62.125,62.5625,62.125,62.5625,5,323
840425,62.40625,62.59375,62.40625,62.5625,25,328
840426,62.75,62.78125,62.6875,62.6875,7,331
840427,62.125,62.25,62.0625,62.09375,35,340
840430,61.875,61.96875,61.84375,61.84375,1,340
840501,61.875,61.875,61.8125,61.8125,5,345
840502,61.40625,61.625,61.40625,61.625,42,351
840503,61.25,61.34375,61.25,61.34375,16,355
840504,61,61.03125,60.625,60.71875,43,384
840507,60.1875,60.34375,60.1875,60.34375,3,384
840508,60.46875,60.78125,60.46875,60.78125,2,384
840509,60.65625,60.65625,60.15625,60.15625,26,398
840510,60.15625,60.5625,60.15625,60.34375,25,409
840511,59.84375,60.125,58.96875,59.9375,21,393
840514,60.25,60.25,59.3125,59.5,23,391
840515,59.4375,59.90625,59.375,59.59375,100,368
840516,59.875,60.125,59.5625,60.03125,30,353
840517,59.53125,59.625,59.3125,59.3125,4,349
840518,59.6875,59.90625,59.625,59.6875,905,761
840521,59.78125,59.78125,59.78125,59.78125,0,761
840522,59.5,59.5,59.4375,59.5,229,888
840523,59.53125,59.625,59.40625,59.40625,2,888
840524,58.6875,58.71875,58.21875,58.28125,13,888
840525,58.46875,58.5625,58.125,58.1875,36,882
840529,58.09375,58.09375,57.65625,57.6875,3,889
840530,56.90625,57.1875,56.90625,57.1875,2,889
840531,57.875,57.875,57.4375,57.5,29,883
840601,58,58.78125,57.96875,58.78125,11,883
840604,59.28125,59.46875,59.1875,59.46875,2,883
840605,59.40625,59.40625,59.09375,59.40625,18,885
840606,59.34375,59.34375,58.78125,58.875,2,883
840607,58.25,58.5625,58.1875,58.53125,2,883
840608,58.78125,58.78125,58.78125,58.78125,0,883
840611,58.625,58.65625,58.28125,58.28125,1,884
840612,58.4375,58.4375,58.4375,58.4375,0,884
840613,59.125,59.125,59.125,59.125,0,884
840614,59.4375,59.4375,59.4375,59.4375,0,884
840615,60,60.3125,59.90625,60.3125,2,884
840618,60.21875,60.21875,60.21875,60.21875,0,884
840619,59.96875,59.96875,59.75,59.75,2,884
840620,58.5,58.53125,58.5,58.5,4,884
840621,58.625,58.625,58.1875,58.1875,2,884
840622,57.9375,57.9375,57.875,57.9375,114,864
840625,58.03125,58.03125,58.03125,58.03125,0,864
840626,57.75,57.75,57.6875,57.71875,1,864
840627,57.78125,57.78125,57.625,57.625,41,864
840628,57.625,57.625,57.25,57.46875,3,866
840629,57.125,57.125,57.125,57.125,0,866
840702,57.125,57.1875,57.0625,57.1875,2,868
840703,57.625,57.9375,57.46875,57.9375,1,869
840705,57.8125,57.96875,57.65625,57.96875,1,870
840706,57.625,57.84375,57.625,57.84375,8,867
840709,58.59375,59.3125,58.59375,59.3125,7,862
840710,59.25,59.25,59.25,59.25,0,862
840711,59.53125,59.65625,59.1875,59.1875,2,864
840712,59.8125,60.3125,59.71875,60.3125,4,864
840713,60.875,60.875,60.875,60.875,0,864
840716,60.78125,60.78125,60.78125,60.78125,0,864
840717,60.4375,60.4375,60.3125,60.40625,5,864
840718,60.25,60.375,60.25,60.375,1,864
840719,60.5,60.5,60.5,60.5,0,864
840720,59.75,59.75,59.75,59.75,0,864
840723,60.15625,60.15625,60.15625,60.15625,0,864
840724,60.25,60.25,60.25,60.25,0,864
840725,61.28125,61.84375,61.28125,61.75,1,864
840726,61.8125,62.1875,61.6875,62.09375,3,866
840727,61.96875,61.96875,61.75,61.75,2,864
840730,61.25,61.25,61.25,61.25,2,866
840731,61.90625,61.90625,61.90625,61.90625,0,866
840801,62.25,62.25,62.25,62.25,0,864
840802,62.65625,62.65625,62.65625,62.65625,0,864
840803,63.21875,63.4375,63.21875,63.4375,7,865
840806,62.65625,62.65625,62.65625,62.65625,0,865
840807,62.875,62.875,62.875,62.875,0,865
840808,63.15625,63.15625,62.8125,62.9375,20,865
840809,63.34375,63.34375,63.34375,63.34375,0,865
840810,63.46875,63.625,62.875,62.875,25,865
840813,62.375,62.375,62.28125,62.375,10,855
840814,62.21875,62.21875,62.21875,62.21875,0,855
840815,62.1875,62.1875,61.875,61.875,1,855
840816,62,62.28125,61.84375,62.25,2,855
840817,62.5,62.5,62.5,62.5,0,855
840820,62.6875,62.84375,62.5,62.84375,15,850
840821,62.96875,63.3125,62.96875,63.3125,85,832
840822,63.3125,63.375,62.84375,62.84375,3,832
840823,62.6875,62.84375,62.625,62.78125,26,854
840824,62.9375,62.9375,62.9375,62.9375,0,854
840827,62.28125,62.28125,62.28125,62.28125,0,854
840828,62.4375,62.5625,62.375,62.53125,2,853
840829,62.375,62.375,62.375,62.375,0,853
840830,62.5625,62.5625,62.5625,62.5625,0,853
840831,62.8125,62.8125,62.8125,62.8125,0,853
840904,62.4375,62.4375,62.4375,62.4375,0,853
840905,62.09375,62.21875,62.09375,62.15625,1,853
840906,63.0625,63.0625,63.0625,63.0625,0,853
840907,63.375,63.375,63.375,63.375,0,853
840910,63.46875,63.78125,63.46875,63.75,16,856
840911,64.0625,64.0625,64.0625,64.0625,0,856
840912,64.125,64.21875,64.09375,64.09375,22,837
840913,64.65625,64.65625,64.65625,64.65625,0,837
840914,64.96875,65.09375,64.78125,64.78125,2,837
840917,65,65,65,65,0,837
840918,65.125,65.21875,65.09375,65.09375,6,833
840919,65.4375,65.875,65.4375,65.875,2,834
840920,65.59375,65.9375,65.5,65.78125,3,833
840921,64.96875,65.28125,64.96875,65,2,833
840924,64.6875,64.6875,64.65625,64.65625,1,833
840925,64.25,64.25,64.25,64.25,0,833
840926,64.78125,64.78125,64.53125,64.625,1,834
840927,64.9375,65.59375,64.9375,65.59375,1,835
840928,64.53125,64.53125,64.53125,64.53125,0,835
841001,64.21875,64.21875,64.21875,64.21875,0,835
841002,64.25,64.34375,64.25,64.28125,8,827
841003,64.46875,64.46875,64.03125,64.0625,24,827
841004,64.3125,64.3125,64.125,64.21875,1,826
841005,64.9375,64.9375,64.9375,64.9375,0,826
841008,65.03125,65.03125,65.03125,65.03125,0,826
841009,64.9375,64.9375,64.9375,64.9375,0,826
841010,64.8125,64.8125,64.8125,64.8125,0,826
841011,65.0625,65.0625,65.0625,65.0625,0,826
841012,65.3125,65.3125,65.1875,65.1875,1,826
841015,64.75,64.75,64.75,64.75,0,826
841016,64.71875,64.75,64.71875,64.71875,49,777
841017,64.96875,65.25,64.90625,65.09375,32,775
841018,65.40625,66.15625,65.40625,66.15625,516,1163
841019,66.65625,67.0625,66.65625,67,79,1215
841022,67,67.28125,67,67.28125,1,1216
841023,67.5625,67.875,67.28125,67.375,29,1214
841024,67.125,67.21875,67.09375,67.21875,16,1214
841025,67.21875,67.21875,66.8125,66.96875,22,1214
841026,66.5,66.65625,66.375,66.65625,8,1214
841029,66.65625,66.8125,66.65625,66.8125,10,1214
841030,67.4375,67.75,67.4375,67.75,2,1214
841031,67.71875,67.71875,67.375,67.375,1,1214
841101,67.90625,68.09375,67.75,68.09375,5,1219
841102,67.75,68,67.46875,67.9375,55,1218
841105,68.03125,68.34375,67.8125,68.34375,8,1222
841106,68.28125,68.34375,68.28125,68.28125,228,1220
841107,67.78125,67.78125,67.40625,67.40625,4,1216
841108,66.71875,66.71875,66.71875,66.71875,0,1216
841109,67.34375,67.40625,67.28125,67.3125,4,1216
841112,67.25,67.25,67.25,67.25,0,1216
841113,67,67,66.71875,66.78125,30,1226
841114,66.71875,66.84375,66.46875,66.625,35,1227
841115,66.25,67.3125,66.25,67.0625,15,1224
841116,67.25,67.59375,67.09375,67.09375,24,1224
841119,67.375,67.59375,67.375,67.4375,57,1229
841120,67.875,67.875,67.65625,67.78125,18,1247
841121,68.125,68.59375,68.125,68.5625,6,1249
841123,69.1875,69.75,69.1875,69.65625,412,1615
841126,69.71875,69.71875,69.5625,69.5625,2,1614
841127,69.40625,69.78125,69.40625,69.78125,55,1634
841128,69.5625,69.5625,69.15625,69.15625,37,1637
841129,69.28125,69.28125,68.90625,68.90625,17,1621
841130,68.75,68.75,68.3125,68.3125,108,1687
841203,68.4375,68.625,68.34375,68.40625,7,1694
841204,68.625,68.625,68.625,68.625,0,1694
841205,68.6875,68.6875,68.4375,68.4375,14,1680
841206,68.34375,68.34375,68.03125,68.03125,137,1663
841207,67.53125,67.5625,67.375,67.375,11,1663
841210,67.46875,67.84375,67.46875,67.84375,167,1704
841211,68.25,68.4375,68,68.15625,2,1704
841212,68.59375,68.59375,68.28125,68.28125,32,1709
841213,67.78125,67.78125,67.625,67.625,20,1729
841214,67.8125,68.5,67.8125,68.28125,56,1729
841217,68.34375,68.71875,68.34375,68.5625,36,1709
841218,69.3125,69.40625,69.3125,69.40625,6,1707
841219,68.90625,69.125,68.75,68.84375,34,1707
841220,68.625,68.96875,68.4375,68.4375,49,1706
841221,68.46875,68.5,68.46875,68.46875,20,1689
841224,68.75,68.75,68.59375,68.59375,366,1833
841226,68.1875,68.21875,68.09375,68.1875,14,1819
841227,68.1875,68.40625,68.1875,68.375,31,1820
841228,68.53125,68.53125,68.53125,68.53125,0,1820
841231,68.4375,68.4375,68.03125,68.03125,316,1820
850102,68,68,67.1875,67.1875,129,1866
850103,67.40625,67.59375,67.25,67.46875,31,1872
850104,67.59375,67.59375,66.84375,67,125,1747
850107,67.75,67.9375,67.71875,67.875,21,1726
850108,68,68.25,67.78125,68.25,137,1595
850109,68.34375,68.59375,68.21875,68.21875,58,1624
850110,67.96875,68.09375,67.875,68.09375,11,1621
850111,67.625,67.71875,67.3125,67.375,143,1704
850114,67,67.15625,66.875,66.875,1,1703
850115,67.3125,67.3125,67.3125,67.3125,0,1703
850116,67,67.125,67,67.125,7,1705
850117,67.25,67.34375,67.09375,67.09375,594,1803
850118,67.53125,67.65625,67.46875,67.59375,1392,2819
850121,67.53125,67.53125,67.53125,67.53125,0,2819
850122,67.625,68.5,67.625,68.5,28,2845
850123,68.8125,68.84375,68.71875,68.71875,16,2848
850124,68.9375,69.78125,68.9375,69.78125,24,2848
850125,69.84375,70.09375,69.34375,69.34375,87,2815
850128,69.28125,69.625,69.15625,69.40625,13,2810
850129,69.28125,69.40625,69.15625,69.375,10,2817
850130,69.8125,69.8125,69.1875,69.1875,14,2817
850131,69.28125,69.28125,68.6875,68.96875,33,2794
850201,68.5625,68.625,68.46875,68.53125,173,2849
850204,68.28125,68.6875,68.28125,68.53125,125,2898
850205,68.78125,68.90625,68.75,68.8125,305,2972
850206,68.84375,68.84375,68.40625,68.40625,32,2999
850207,68.46875,68.46875,68.09375,68.1875,171,3038
850208,68,68.4375,67.8125,68.34375,80,2963
850211,68.21875,68.21875,67.8125,67.8125,4,2963
850212,67.65625,67.9375,67.65625,67.9375,2,2964
850213,68.125,68.28125,67.90625,68.09375,208,2924
850214,68.3125,68.65625,68.3125,68.65625,2,2923
850215,68.40625,68.40625,67.90625,67.90625,62,2879
850219,67.96875,67.96875,67.96875,67.96875,0,2879
850220,67.5,67.5,67.0625,67.0625,14,2883
850221,66.5,66.65625,66.5,66.5625,203,2960
850222,66.875,66.875,65.75,66.09375,146,2997
850225,66,66.0625,65.6875,66.0625,116,2989
850226,66.0625,66.5,65.96875,66.5,301,3185
850227,65.78125,66.09375,65.375,65.40625,171,3055
850228,65.5625,65.5625,65.125,65.125,58,2997
850301,64.84375,65.5625,64.84375,65.5,181,2928
850304,65.625,65.6875,64.90625,64.9375,5,2926
850305,65.09375,65.40625,65.09375,65.40625,27,2909
850306,65.21875,65.21875,64.96875,65,1,2909
850307,64.65625,64.90625,64.65625,64.90625,22,2924
850308,65.71875,66.03125,65.71875,66.03125,103,3027
850311,66.09375,66.09375,66.09375,66.09375,0,3027
850312,65.90625,65.90625,65.90625,65.90625,0,3027
850313,65.53125,65.53125,65.28125,65.34375,499,2863
850314,65,65.40625,65,65.28125,182,2894
850315,65.15625,65.21875,65.03125,65.03125,3,2892
850318,64.78125,64.78125,64.40625,64.40625,34,2880
850319,64.46875,64.78125,64.40625,64.78125,381,2681
850320,65.09375,65.21875,64.9375,65.15625,16,2665
850321,64.9375,65.46875,64.9375,65.34375,31,2676
850322,64.96875,64.96875,64.96875,64.96875,0,2676
850325,64.9375,65.46875,64.9375,65.4375,478,2662
850326,65.5625,65.9375,65.4375,65.90625,190,2666
850327,65.34375,65.59375,65.3125,65.375,140,2742
850328,65.09375,65.75,65.03125,65.375,278,2677
850329,65.8125,66.03125,65.78125,65.96875,16,2679
850401,65.71875,65.96875,65.71875,65.78125,4,2679
850402,65.6875,65.6875,65.46875,65.53125,190,2794
850403,65.40625,65.5,65.40625,65.5,98,2845
850404,65.34375,65.34375,65.09375,65.25,230,2772
850408,65.53125,65.71875,65.09375,65.09375,10,2776
850409,65.21875,65.625,65.21875,65.625,50,2803
850410,65.875,66.4375,65.875,66.21875,763,3176
850411,66.78125,67.15625,66.6875,66.875,1031,3523
850412,66.8125,66.8125,66.8125,66.8125,0,3523
850415,66.65625,67.0625,66.65625,67.03125,57,3573
850416,67.3125,67.59375,67.15625,67.59375,271,3499
850417,67.375,67.59375,67.125,67.3125,405,3185
850418,68.03125,68.15625,67.96875,67.96875,425,3044
850419,67.90625,68.21875,67.65625,67.875,237,2960
850422,68.09375,68.125,67.75,67.96875,137,3059
850423,67.78125,67.78125,67.15625,67.15625,724,3521
850424,67.125,67.25,67.09375,67.21875,195,3635
850425,66.8125,66.96875,66.71875,66.90625,183,3551
850426,66.6875,67.0625,66.6875,67.0625,167,3446
850429,66.625,66.625,66.46875,66.46875,1,3447
850430,66.6875,66.9375,66.59375,66.6875,38,3448
850501,66.75,67.0625,66.75,66.96875,17,3431
850502,67,67.28125,66.90625,67.28125,172,3563
850503,67.78125,67.78125,67.59375,67.625,506,3822
850506,67.75,67.75,67.6875,67.75,6,3818
850507,67.96875,68.28125,67.75,67.75,122,3900
850508,67.5625,67.5625,67,67.09375,14,3902
850509,67.28125,67.75,67.1875,67.75,521,3991
850510,68.34375,68.71875,68.1875,68.6875,488,4292
850513,68.625,68.8125,68.59375,68.59375,721,4800
850514,68.75,69.59375,68.65625,69.53125,769,4594
850515,69.71875,70,69.34375,69.34375,1221,3982
850516,69.25,69.9375,69.25,69.90625,788,4590
850517,69.6875,69.75,69.46875,69.75,270,4552
850520,70.78125,71.5625,70.78125,71.28125,1570,5951
850521,70.9375,71.125,70.875,71.09375,99,5950
850522,71.25,71.25,70.6875,70.78125,562,5497
850523,70.625,70.90625,70.46875,70.90625,239,5596
850524,71.125,71.125,71.03125,71.09375,21,5596
850528,71.65625,72.1875,71.65625,72.15625,1165,6595
850529,71.875,72.125,71.78125,72.125,556,6667
850530,72.03125,72.625,72.03125,72.625,1538,5264
850531,72.34375,73.21875,72.34375,73.1875,1111,4388
850603,74.3125,74.84375,74.3125,74.375,2708,6644
850604,74.375,74.53125,74.09375,74.3125,248,6741
850605,75.96875,75.96875,75,75.40625,924,6903
850606,74.65625,75.125,74.65625,74.875,578,6927
850607,73.78125,74.125,73.03125,73.03125,837,7181
850610,73.03125,73.34375,72.875,73.3125,539,7329
850611,73.625,74.15625,73.5625,74.09375,2370,8185
850612,74.5625,74.5625,73.71875,73.75,656,8101
850613,73.3125,73.875,73.1875,73.34375,597,8075
850614,74,74.71875,74,74.625,542,8097
850617,74.71875,74.9375,74.53125,74.59375,286,8146
850618,74.59375,75.0625,74.53125,74.90625,112,8034
850619,74.25,74.46875,73.65625,73.71875,337,8007
850620,73.46875,73.90625,73.03125,73.1875,212,8063
850621,72.6875,72.6875,72.09375,72.4375,849,8375
850624,71.90625,72.15625,71.90625,71.96875,125,8379
850625,71.53125,72.03125,71.53125,71.84375,923,8994
850626,71.84375,72.15625,71.75,71.75,79,8915
850627,72.53125,72.8125,72.28125,72.71875,131,8886
850628,73.09375,73.40625,73.0625,73.28125,177,8877
850701,73.78125,73.96875,73.4375,73.59375,566,8911
850702,73.3125,73.78125,73.3125,73.4375,91,8911
850703,73.75,73.75,73.25,73.3125,185,8910
850705,74.625,75.03125,74.46875,74.96875,684,9327
850708,74.84375,74.84375,74.1875,74.3125,276,9349
850709,73.875,74.6875,73.875,74.34375,75,9364
850710,74.3125,74.5,73.90625,74.03125,606,9369
850711,73.6875,73.71875,73.21875,73.21875,1414,9955
850712,73.375,73.53125,72.875,73.5,636,10115
850715,73.15625,73.59375,73.15625,73.46875,207,10129
850716,73.6875,73.84375,73.46875,73.8125,32,10128
850717,74.40625,74.40625,73.5625,74.09375,617,10168
850718,73.8125,73.90625,72.75,72.78125,940,10625
850719,72.84375,72.84375,72.375,72.625,2235,11013
850722,72.125,72.3125,72,72.1875,2081,11080
850723,72.21875,72.34375,72.0625,72.34375,903,9175
850724,72.65625,72.65625,71.9375,71.96875,984,8897
850725,71.78125,71.8125,71.53125,71.71875,363,8823
850726,71.3125,71.53125,71.25,71.375,61,8826
850729,70.9375,71,70.5,70.90625,273,8822
850730,71.09375,71.1875,70.5625,70.9375,114,8103
850731,71,71.46875,70.875,71.46875,1123,8998
850801,71.8125,72.09375,71.75,72.09375,306,9052
850802,71.5625,71.59375,71.03125,71.03125,191,9022
850805,70.90625,71.28125,70.6875,71.28125,271,9101
850806,71.4375,71.53125,71.0625,71.0625,2129,11028
850807,70.9375,71.65625,70.8125,71.59375,166,11045
850808,71.71875,72.375,71.71875,72.34375,117,11049
850809,72.125,72.75,72.125,72.5,477,10849
850812,72.84375,72.84375,72.25,72.5,9,10849
850813,72.0625,72.0625,71.78125,71.84375,15,10839
850814,71.875,72.28125,71.875,72.28125,246,10856
850815,72.46875,72.625,72.0625,72.125,66,10862
850816,71.75,72.84375,71.71875,72.84375,963,11586
850819,72.8125,73.1875,72.75,73.1875,19,11590
850820,73.125,73.375,72.6875,73.34375,242,11689
850821,73.53125,73.75,73.3125,73.75,153,11607
850822,74,74.25,73.8125,73.8125,271,11641
850823,73.8125,73.90625,73.71875,73.75,102,11631
850826,73.34375,73.53125,73.3125,73.5,2762,9958
850827,73.5625,74.09375,73.5625,74.09375,152,9974
850828,74.1875,74.28125,73.84375,73.84375,483,9963
850829,74.25,74.25,74,74.1875,247,9947
850830,73.71875,73.71875,73.125,73.1875,133,9989
850903,73.15625,73.5,73,73.5,159,10114
850904,73.875,74.03125,73.71875,73.875,618,9986
850905,73.71875,73.71875,73.15625,73.21875,270,10035
850906,72.25,72.34375,71.375,71.4375,316,10139
850909,71.65625,71.71875,71.25,71.25,1628,10122
850910,71.6875,71.6875,71.15625,71.4375,41,10121
850911,71.375,71.375,70.96875,71.3125,31,10130
850912,71.40625,71.4375,71.15625,71.3125,120,10142
850913,71.625,72.4375,71.4375,72.125,296,10130
850916,72.4375,72.5625,72.40625,72.4375,11,10120
850917,72.625,72.65625,71.90625,71.9375,107,10128
850918,71.84375,71.84375,71.625,71.75,260,10121
850919,71.53125,71.96875,71.53125,71.96875,139,10122
850920,72.53125,72.625,72.3125,72.4375,111,10192
850923,73.0625,73.0625,72,72,323,10210
850924,71.8125,72.375,71.75,72.28125,82,10197
850925,72.125,72.625,72.125,72.4375,108,10218
850926,73.03125,73.03125,72.4375,72.90625,675,10220
850927,72.0625,72.5625,72.0625,72.40625,596,10218
850930,72.25,72.46875,72.09375,72.46875,145,10293
851001,72.3125,72.53125,72.3125,72.5,504,10123
851002,72.6875,72.9375,71.78125,71.78125,1392,9717
851003,72.0625,72.125,71.875,72.0625,1179,10700
851004,72.46875,72.46875,71.65625,71.75,767,10107
851007,71.4375,71.46875,71.1875,71.375,181,10015
851008,71.5,71.75,71.28125,71.6875,229,10065
851009,71.6875,71.9375,71.53125,71.53125,42,10064
851010,71.4375,72.03125,71.4375,71.9375,413,10135
851011,72.09375,72.125,71.9375,71.96875,679,10130
851014,72.25,72.25,72.25,72.25,0,10130
851015,72.25,72.3125,72.125,72.3125,715,9657
851016,72.4375,72.65625,72.3125,72.65625,279,9860
851017,72.59375,73.03125,72.5,73.03125,464,9477
851018,73.125,73.46875,73.125,73.25,143,9518
851021,73.28125,73.28125,73.15625,73.28125,39,9479
851022,73.1875,74.03125,73.1875,73.84375,407,9589
851023,73.375,74,73.375,73.71875,4487,12788
851024,73.4375,73.75,73.3125,73.5625,508,12276
851025,73.34375,73.34375,73.0625,73.09375,963,12649
851028,72.90625,73.0625,72.71875,72.75,8,12641
851029,73.03125,74.21875,73,74.21875,125,12516
851030,74.8125,75.3125,74.78125,74.875,844,12869
851031,74.78125,75,74.65625,74.96875,992,13430
851101,74.46875,75.5,74.46875,75.15625,168,13189
851104,75.0625,75.3125,74.90625,75.25,38,13204
851105,75,75.84375,75,75.625,315,13184
851106,75.9375,76.09375,75.5625,75.5625,788,12689
851107,75.8125,75.8125,75.375,75.71875,3229,13392
851108,75.8125,76.28125,75.71875,76.25,531,13257
851111,76.1875,76.3125,76.1875,76.1875,295,13008
851112,76.34375,77.40625,76.34375,77.34375,2178,13168
851113,77.25,77.5625,77,77.0625,3744,13315
851114,76.8125,76.96875,76.71875,76.75,7395,19643
851115,76.15625,76.53125,76.15625,76.4375,1977,19585
851118,76.875,77.8125,76.875,77.8125,3006,18315
851119,78.09375,78.40625,77.6875,77.90625,7176,16993
851120,77.65625,77.9375,77.5625,77.90625,1475,15157
851121,78.625,78.84375,78.21875,78.34375,5246,19090
851122,78.15625,78.3125,77.6875,77.6875,3065,17108
851125,77.53125,77.6875,77.375,77.53125,1001,17491
851126,77.59375,77.90625,77.59375,77.71875,725,17505
851127,77.5625,78.34375,77.5625,78.21875,1315,17555
851129,78.65625,78.75,78.4375,78.53125,963,17483
851202,78.75,78.96875,77.40625,77.5625,1171,17580
851203,77.34375,77.5625,77.15625,77.5,1558,16804
851204,77.6875,78,77.46875,78,1527,16879
851205,77.90625,78.09375,77.78125,77.875,507,16808
851206,77.53125,78.1875,77.46875,77.84375,664,16954
851209,78.46875,79.28125,78.40625,79.21875,2907,18638
851210,79.71875,80.15625,79.59375,79.9375,2016,17622
851211,80.15625,81.0625,80.15625,80.90625,2747,17226
851212,80.6875,81.25,80.3125,80.46875,4783,18481
851213,81,81.28125,80.90625,81.25,5043,21149
851216,81.5,82.28125,81.25,82.15625,3679,22044
851217,82.6875,83.46875,82.6875,82.96875,3211,18884
851218,82.8125,82.8125,82.0625,82.25,3854,17870
851219,81.96875,82.6875,81.71875,82.53125,3101,17821
851220,82.21875,83.65625,82.15625,83.25,1045,18228
851223,83,83.34375,82.96875,83,233,18229
851224,83.25,83.25,83.15625,83.15625,495,18326
851226,83.1875,83.71875,83.15625,83.21875,1023,18605
851227,83.65625,83.9375,83.5,83.59375,1734,17208
851230,83.90625,83.90625,83.3125,83.34375,1067,17099
851231,83.46875,83.46875,83.34375,83.375,618,17061
860102,83.09375,83.4375,82.9375,83.0625,1389,16758
860103,82.75,83.25,82.75,82.9375,1350,16358
860106,82.90625,83.125,82.875,82.875,871,16685
860107,83.3125,84.125,83.3125,84.0625,1466,16685
860108,84.03125,84.28125,82.28125,82.28125,2241,16528
860109,81.65625,81.75,81,81.53125,1420,16499
860110,81.3125,81.71875,80.9375,81.09375,337,16522
860113,80.3125,80.4375,79.71875,79.71875,2593,16093
860114,80.375,80.5625,80.03125,80.4375,8114,11543
860115,80.71875,81.40625,80.4375,81.125,1132,11240
860116,81.46875,81.46875,80.625,81.1875,554,11467
860117,81.5,82,81.4375,81.5625,362,11375
860120,80.375,81.375,80.375,81.375,895,11729
860121,81.8125,81.9375,81.4375,81.71875,456,11566
860122,82.25,82.25,81.09375,81.15625,1615,12097
860123,81.40625,81.5625,80.96875,81.5,410,12061
860124,81.15625,81.5,81.125,81.46875,592,11599
860127,82,82.5,81.84375,82.5,2582,13558
860128,82.875,83.28125,82.65625,83.25,1867,13688
860129,83.1875,83.59375,82.8125,82.875,838,13675
860130,82.90625,83.15625,82.625,82.71875,297,13660
860131,82.75,83.5625,82.6875,83.125,606,13734
860203,83.4375,84.03125,83.21875,83.9375,3237,14952
860204,84.3125,84.9375,84.3125,84.59375,1297,14827
860205,84.53125,84.8125,83.84375,84,1277,14813
860206,83.96875,84.03125,82.9375,83.3125,3964,14607
860207,82.1875,82.90625,81.90625,82.6875,2429,15692
860210,82.78125,83.5,82.75,83.46875,1770,16616
860211,83.875,84.21875,83.75,84.1875,2206,15471
860212,83.875,84.5,83.875,84.3125,843,15630
860213,84.6875,84.9375,84.5,84.875,2390,16692
860214,85.59375,86.34375,85.5,86.3125,3723,17977
860218,86.875,87,86,86.8125,2214,18006
860219,86.0625,87.15625,86.0625,86.25,2164,17772
860220,86.34375,86.53125,85.90625,86.53125,3204,18224
860221,87.25,88.40625,87.21875,88.3125,4068,17930
860224,88.59375,90.28125,88.15625,89.625,7084,18253
860225,89.28125,89.875,89.125,89.71875,4401,18919
860226,89.4375,90.625,89.4375,90.59375,7642,18927
860227,91.71875,92.59375,91.5625,92.59375,5942,19332
860228,94.90625,95.40625,92.4375,93.3125,8891,19922
860303,93.3125,94.71875,92.84375,94.65625,2489,19548
860304,95.71875,96.5,94.9375,95,2965,19082
860305,94.3125,94.75,93,93,5469,18804
860306,94.71875,95.3125,92.875,92.96875,7596,15397
860307,93.0625,93.78125,91.625,93.59375,2888,15755
860310,94.09375,95.9375,94.0625,95.65625,2642,15375
860311,96.0625,96.90625,96.03125,96.1875,3795,16148
860312,96.875,96.90625,95.5625,96.375,2314,15706
860313,95.53125,95.78125,94.53125,95.75,2068,15787
860314,96.65625,97.15625,95.78125,96.15625,1554,15842
860317,96.625,96.78125,95.40625,95.75,5312,18546
860318,94.84375,96.21875,94.53125,95.0625,2752,19169
860319,95,95.71875,94.71875,95.53125,3642,18548
860320,95.71875,96.21875,95.59375,95.9375,3756,17815
860321,96.21875,96.625,95.4375,95.53125,5414,17569
860324,96.09375,96.875,95.96875,96.6875,4586,18837
860325,96.78125,97.21875,96.375,96.625,2013,19064
860326,96.84375,97.75,96.84375,97.6875,4462,19516
860327,98.6875,99.6875,98.625,99.6875,4884,19774
860331,99.90625,101.65625,99.65625,101.625,8735,23281
860401,102.5,103.9375,101,101.125,5551,23687
860402,100.125,101.59375,99.28125,101.5,6609,24948
860403,101.90625,102.21875,100.71875,100.75,5412,25627
860404,100.875,101.40625,99.4375,99.65625,5336,26064
860407,99.0625,100.03125,98.4375,99.21875,4681,27587
860408,100.46875,101.21875,100.46875,101.21875,3692,28461
860409,102.84375,103.34375,101.75,102.40625,5037,28372
860410,102.125,103.15625,101.78125,102.53125,3233,28082
860411,103.1875,103.1875,101.46875,101.625,9428,28345
860414,102.09375,103,102,102.90625,4066,28180
860415,102.96875,103.125,101.90625,102.03125,4678,28424
860416,103.5,104.03125,103.34375,104.03125,6337,28303
860417,104.375,104.625,103.34375,103.90625,13143,33463
860418,103.9375,104,102.96875,103,5136,36038
860421,102.5,103.46875,102.28125,103.09375,6547,38455
860422,103.4375,103.59375,101.09375,101.09375,7927,39951
860423,99.5,100.46875,98.65625,99.375,11724,39504
860424,99.5,99.59375,97.65625,97.75,8143,40199
860425,98.3125,98.78125,97.09375,97.4375,7094,39403
860428,97.78125,98.9375,97.65625,98.875,5604,40448
860429,99.4375,100.0625,99.125,100.03125,8443,41560
860430,99.53125,100.4375,99.40625,100,3199,41553
860501,99.78125,100.125,98.8125,99.09375,7270,41534
860502,98.5625,98.65625,97.90625,98.09375,7443,42288
860505,98.3125,100.09375,97.90625,100.09375,3865,42622
860506,99.78125,100.5625,99.5,99.75,6275,43223
860507,99.15625,99.59375,98.6875,99.375,9017,44905
860508,100,100.3125,99.53125,99.90625,5060,45187
860509,98.71875,99.0625,97.90625,98.375,9876,46118
860512,96.9375,97.125,96.375,96.375,11467,48044
860513,95.1875,97.5,95.0625,97.1875,20006,53510
860514,97.625,98.15625,96.625,97.09375,14831,57436
860515,96.8125,97.40625,94.6875,95.0625,19803,60036
860516,94.46875,95.1875,94,94.21875,18462,63526
860519,94.625,95.25,94,94.09375,13712,63829
860520,93.03125,95.625,92.8125,95.5,27181,68927
860521,95.875,96.28125,94.875,95.15625,15370,68851
860522,95.5625,96.0625,95,95.34375,8528,69616
860523,95.09375,96.28125,95.09375,96.21875,8771,71584
860527,96.75,97.625,96.5625,97.40625,25388,73566
860528,97.46875,97.59375,96.59375,96.84375,36176,80309
860529,96.0625,96.40625,94.84375,94.84375,178619,104396
860530,93.9375,94.65625,92.875,93.09375,244941,124232
860602,93.1875,93.75,90.9375,91.125,275566,144793
860603,91.6875,92.6875,90.71875,92.625,290114,149721
860604,93.25,93.5,90.625,90.6875,264193,158861
860605,90.9375,92.125,90.34375,91.5625,221707,156644
860606,93.03125,93.5625,92.5,93.5625,148940,154839
860609,94.03125,94.25,90.65625,91.4375,260999,163198
860610,91.53125,92.21875,90.65625,92,233787,167156
860611,92.15625,93.03125,90.75,92.96875,220572,166234
860612,93.28125,93.65625,92.3125,92.84375,237755,162669
860613,93.625,94.84375,93.5,94.84375,121190,167036
860616,95.125,96.9375,94.84375,96.4375,231929,168636
860617,97.0625,97.34375,96.125,96.71875,192384,171853
860618,96.78125,97.1875,96.28125,96.65625,172975,169444
860619,96.15625,96.25,95.15625,95.25,161470,167234
860620,94.90625,97.25,94.78125,97.0625,174792,170352
860623,96.78125,98.1875,96.625,97.90625,145085,172642
860624,98.28125,98.75,97.6875,98.25,218357,178914
860625,98.90625,99.34375,98.09375,98.15625,217097,176225
860626,97.875,98.8125,97.625,98.34375,193538,170725
860627,99.09375,99.46875,98.65625,99.125,130577,169081
860630,99.53125,99.78125,99.21875,99.5625,129392,161088
860701,99.9375,99.96875,98.84375,99.3125,152336,161687
860702,98.75,99.46875,98.5,99.34375,137389,159536
860703,99.25,100.59375,99.25,100.53125,97090,160149
860707,100.53125,100.8125,100.03125,100.125,145134,159783
860708,99.625,99.71875,98.1875,98.28125,207437,157471
860709,98.625,99.875,98.375,99.8125,219203,160345
860710,100.125,100.4375,99.15625,99.71875,218331,160274
860711,99.15625,99.9375,98.59375,99.375,210202,164959
860714,99.5,100.53125,98.96875,100.4375,188744,166538
860715,100.5,101.0625,99.96875,101.03125,222173,167930
860716,100.5625,101.5,100.0625,100.15625,245756,166008
860717,100.15625,100.40625,99.125,99.65625,233284,157373
860718,99.46875,100.125,99.125,99.78125,140439,155290
860721,100.09375,100.125,99.53125,99.96875,89532,155263
860722,99.15625,99.375,98.40625,98.71875,190011,162986
860723,97.6875,98,97.25,97.6875,190321,168481
860724,97.625,97.78125,96.53125,96.6875,189408,170281
860725,97.3125,97.3125,96.5625,97,106838,169270
860728,96.3125,96.46875,95,95,176768,168953
860729,95.34375,96.5,95.125,96.46875,243887,168227
860730,96.25,97.09375,95.9375,97,182727,168759
860731,97.3125,97.96875,96.71875,97.8125,188648,164924
860801,97.84375,98.09375,96.875,97.40625,171522,170540
860804,96.875,97.8125,96.65625,97.78125,138302,163784
860805,96.40625,97.15625,96.3125,96.5625,199454,172881
860806,96.40625,96.65625,95.8125,96.21875,197087,176261
860807,95.59375,97.28125,95.46875,97.15625,246151,173570
860808,97.125,99.15625,97.125,99.09375,230165,159033
860811,99.28125,100.125,99.28125,99.84375,185110,154007
860812,100.28125,100.375,99.53125,99.78125,169963,146767
860813,99.71875,101.0625,99.4375,101.03125,213689,151273
860814,100.59375,101.34375,100.5,100.78125,211474,145987
860815,101.03125,101.25,100.59375,100.78125,119685,140537
860818,100.5,101.1875,100.125,101.125,124747,140502
860819,101.78125,102.46875,101.78125,102.25,212051,141400
860820,102.40625,102.84375,101.875,102.4375,230431,140720
860821,101.9375,102.65625,101.59375,101.875,204806,131547
860822,100.625,101.1875,100.40625,100.78125,185673,123211
860825,100.6875,101.375,100.5,101.3125,101579,124468
860826,101.5625,102.46875,101.46875,102.40625,168359,118349
860827,101.59375,102.3125,100.9375,101.03125,186413,92359
860828,101.15625,102.3125,101.15625,101.59375,205685,72499
860829,102.5,102.6875,102.03125,102.40625,125247,60366
860902,101.875,102.3125,100.15625,100.21875,33339,53456
860903,99.46875,99.65625,98.21875,98.90625,34218,43047
860904,99.21875,99.59375,98.40625,98.96875,22380,34228
860905,98.09375,98.28125,97.15625,97.375,17887,28322
860908,96.5,97.65625,96.5,96.75,7798,25299
860909,97.53125,97.90625,97.1875,97.5625,7126,22079
860910,97.71875,97.875,97.3125,97.65625,6746,20473
860911,96.84375,96.84375,95.0625,95.46875,36391,20247
860912,96.75,96.875,94.1875,94.6875,12976,15953
860915,95.625,95.84375,95.21875,95.65625,4602,14720
860916,95.15625,96,94.84375,95.71875,9359,10255
860917,95.875,96.53125,95.84375,96.34375,3468,9126
860918,96.8125,96.84375,94.59375,94.6875,6145,6646
860919,94.40625,94.46875,93,93.75,9655,4653
