841220,67.21875,67.28125,66.75,66.75,2,0
841221,66.78125,66.78125,66.78125,66.78125,0,0
841224,67,67,66.875,66.875,15,15
841226,66.75,66.75,66.46875,66.75,16,26
841227,67.1875,67.1875,67.1875,67.1875,0,26
841228,67.28125,67.59375,67.28125,67.59375,5,26
841231,67.5,67.5,67.09375,67.09375,7,26
850102,67,67,66.125,66.125,11,29
850103,66.40625,66.5,66.1875,66.40625,10,39
850104,66.46875,66.46875,65.78125,65.9375,40,69
850107,66.78125,66.78125,66.6875,66.6875,5,69
850108,67.0625,67.0625,67.0625,67.0625,0,69
850109,67.03125,67.03125,67.03125,67.03125,0,69
850110,66.90625,66.90625,66.90625,66.90625,0,69
850111,66.1875,66.1875,66.1875,66.1875,0,69
850114,65.90625,65.96875,65.5625,65.5625,20,89
850115,66,66,66,66,0,89
850116,65.84375,65.84375,65.71875,65.8125,10,91
850117,65.96875,66.03125,65.78125,65.78125,25,111
850118,66.3125,66.3125,66.15625,66.25,1125,1133
850121,66.21875,66.25,66.21875,66.25,2,1131
850122,67.125,67.25,67.125,67.21875,4,1133
850123,67.59375,67.59375,67.4375,67.4375,11,1143
850124,68.4375,68.5625,68.4375,68.5,6,1149
850125,68.5625,68.8125,67.96875,67.96875,9,1148
850128,68.40625,68.40625,67.71875,68.03125,3,1148
850129,67.84375,67.84375,67.84375,67.84375,0,1148
850130,68.3125,68.3125,67.65625,67.65625,3,1149
850131,67.5625,67.5625,67.5625,67.5625,0,1149
850201,67.15625,67.375,67.0625,67.375,9,1140
850204,67.53125,67.53125,67.34375,67.375,5,1145
850205,67.71875,67.875,67.65625,67.65625,10,1150
850206,67.46875,67.46875,67.25,67.25,15,1165
850207,67.3125,67.3125,67.03125,67.03125,1,1166
850208,66.9375,67.28125,66.75,67.1875,20,1173
850211,66.65625,66.65625,66.65625,66.65625,0,1173
850212,66.59375,66.78125,66.59375,66.78125,5,1178
850213,66.75,67.09375,66.75,67,32,1178
850214,67.5625,67.5625,67.5625,67.5625,10,1188
850215,67.4375,67.4375,66.8125,66.8125,17,1190
850219,66.875,66.875,66.875,66.875,0,1190
850220,66.46875,66.46875,65.96875,65.96875,21,1192
850221,65.40625,65.46875,65.40625,65.46875,5,1195
850222,65.03125,65.03125,65.03125,65.03125,0,1195
850225,65,65,65,65,0,1195
850226,65.4375,65.4375,65.4375,65.4375,0,1195
850227,64.78125,65,64.3125,64.34375,3,1195
850228,64.1875,64.40625,64.0625,64.0625,14,1203
850301,64.46875,64.5,64.21875,64.4375,4,1203
850304,64.40625,64.59375,63.875,63.875,5,1208
850305,64.34375,64.375,64.15625,64.375,1,1207
850306,64.21875,64.25,64,64,4,1203
850307,63.6875,63.875,63.6875,63.875,5,1206
850308,64.6875,65.03125,64.6875,65.03125,6,1206
850311,65.0625,65.0625,65.0625,65.0625,0,1206
850312,64.875,64.875,64.875,64.875,0,1206
850313,64.5,64.5,64.25,64.25,23,1206
850314,63.9375,64.3125,63.9375,64.0625,14,1208
850315,63.90625,63.90625,63.75,63.75,3,1208
850318,63.46875,63.46875,63.125,63.125,15,1218
850319,63.375,63.5,63.125,63.5,15,1225
850320,63.78125,63.9375,63.65625,63.8125,15,1220
850321,63.875,63.875,63.875,63.875,0,1220
850322,63.5,63.5,63.5,63.5,0,1220
850325,63.96875,63.96875,63.96875,63.96875,0,1220
850326,64.34375,64.46875,64.34375,64.34375,14,1220
850327,63.96875,63.96875,63.6875,63.6875,2,1221
850328,63.5,64.0625,63.5,63.53125,143,1298
850329,64,64.1875,64,64.03125,5,1293
850401,63.96875,64,63.8125,63.84375,3,1296
850402,63.75,63.75,63.5625,63.65625,4,1300
850403,63.65625,63.65625,63.5625,63.5625,2,1302
850404,63.46875,63.46875,63.25,63.40625,8,1308
850408,63.6875,63.84375,63.1875,63.1875,4,1309
850409,63.21875,63.71875,63.15625,63.71875,5,1314
850410,64.15625,64.46875,64.15625,64.3125,15,1319
850411,64.90625,65.34375,64.90625,64.96875,9,1324
850412,64.875,64.90625,64.875,64.90625,1,1325
850415,65,65.125,65,65.125,1,1324
850416,65.34375,65.5625,65.25,65.5625,7,1327
850417,65.53125,65.5625,65.09375,65.3125,22,1349
850418,66.21875,66.21875,65.90625,65.90625,61,1352
850419,66,66.15625,65.59375,65.8125,7,1347
850422,65.8125,65.9375,65.8125,65.90625,4,1346
850423,65.5625,65.5625,65.125,65.125,5,1351
850424,65.25,65.3125,65.25,65.3125,2,1349
850425,65.09375,65.125,65.0625,65.125,35,1347
850426,65.125,65.3125,65.125,65.28125,6,1347
850429,64.65625,64.65625,64.65625,64.65625,0,1347
850430,65.03125,65.0625,64.78125,64.8125,5,1349
850501,65.03125,65.125,65.03125,65.03125,1,1350
850502,65,65.34375,65,65.34375,3,1352
850503,65.6875,65.8125,65.5,65.5,2,1352
850506,65.625,65.6875,65.59375,65.6875,22,1374
850507,66.0625,66.28125,65.625,65.625,5,1375
850508,65.28125,65.28125,64.96875,64.96875,1,1376
850509,65.0625,65.5625,65.0625,65.5625,8,1381
850510,66,66.53125,66,66.53125,34,1394
850513,66.59375,66.59375,66.4375,66.5,20,1390
850514,66.90625,67.5,66.90625,67.4375,73,1342
850515,67.71875,67.875,67.25,67.25,14,1343
850516,67.5625,67.84375,67.53125,67.8125,22,1322
850517,67.6875,67.6875,67.6875,67.6875,0,1322
850520,69,69.625,69,69.21875,29,1308
850521,68.84375,69.21875,68.75,69.0625,23,1308
850522,69.0625,69.125,68.75,68.84375,41,1318
850523,68.65625,68.9375,68.65625,68.9375,2,1317
850524,69.15625,69.15625,69.03125,69.03125,22,1339
850528,70,70.09375,69.8125,70.09375,41,1358
850529,69.96875,70.09375,69.9375,70.0625,7,1362
850530,69.96875,70.5625,69.96875,70.5625,23,1362
850531,70.25,71.15625,70.25,71.09375,86,1402
850603,72.71875,72.71875,72.125,72.15625,85,1445
850604,72.28125,72.28125,71.875,72,41,1454
850605,72.625,72.84375,72.5625,72.75,74,1434
850606,72.09375,72.4375,71.9375,71.9375,95,1370
850607,71,71,69.96875,69.96875,43,1404
850610,70.03125,70.34375,70,70.28125,23,1409
850611,71,71.3125,71,71.3125,437,1641
850612,71.375,71.375,71,71,13,1628
850613,71,71,70.59375,70.59375,29,1599
850614,72,72,71.78125,71.875,178,1421
850617,71.8125,71.8125,71.8125,71.8125,0,1421
850618,71.8125,72.21875,71.8125,71.84375,18,1403
850619,71.6875,71.6875,70.65625,70.65625,3,1400
850620,70.5625,70.71875,70.0625,70.25,14,1386
850621,69.6875,69.84375,69.34375,69.59375,420,1601
850624,69.34375,69.40625,69.125,69.125,1,1601
850625,68.9375,69.21875,68.90625,69,191,1700
850626,69.21875,69.34375,69,69,14,1686
850627,69.4375,69.875,69.375,69.875,31,1655
850628,70.03125,70.53125,70.03125,70.3125,166,1668
850701,70.8125,70.8125,70.4375,70.53125,68,1600
850702,70.28125,70.8125,70.28125,70.375,25,1586
850703,70.40625,70.40625,70.09375,70.21875,7,1581
850705,71.75,71.78125,71.53125,71.75,120,1657
850708,71.40625,71.40625,70.96875,71.125,10,1647
850709,70.90625,71.5,70.90625,71.15625,7,1640
850710,71.28125,71.28125,70.78125,70.8125,32,1608
850711,70.21875,70.21875,70.09375,70.125,14,1594
850712,70,70.4375,69.9375,70.4375,5,1591
850715,70.3125,70.53125,70.3125,70.40625,8,1592
850716,70.75,70.75,70.75,70.75,0,1592
850717,71.125,71.125,70.65625,71.03125,10,1592
850718,70.75,70.75,69.84375,69.84375,1,1593
850719,70.0625,70.0625,69.5,69.71875,6,1597
850722,69.03125,69.65625,69.03125,69.5625,122,1571
850723,69.46875,69.96875,69.46875,69.96875,188,1561
850724,70.15625,70.15625,69.65625,69.65625,3,1558
850725,69.28125,69.28125,69.28125,69.28125,0,1558
850726,68.875,69.03125,68.8125,68.84375,19,1547
850729,68.5625,68.5625,68.09375,68.375,3,1544
850730,68.625,68.625,68.0625,68.40625,4,1544
850731,68.875,68.875,68.875,68.875,0,1544
850801,69.0625,69.46875,69.0625,69.46875,53,1499
850802,69,69,68.40625,68.40625,58,1441
850805,68.5,68.5625,68.5,68.5625,0,1441
850806,68.71875,68.71875,68.34375,68.34375,20,1421
850807,68.25,68.875,68.25,68.875,8,1413
850808,69.625,69.625,69.625,69.625,0,1413
850809,69.78125,69.96875,69.6875,69.75,5,1408
850812,69.75,69.75,69.75,69.75,0,1408
850813,69.09375,69.09375,69.09375,69.09375,0,1408
850814,69.46875,69.53125,69.46875,69.53125,26,1382
850815,69.53125,69.59375,69.3125,69.375,6,1376
850816,69.25,69.96875,69.125,69.96875,11,1365
850819,70.21875,70.3125,70.21875,70.3125,3,1362
850820,70.4375,70.4375,70.4375,70.4375,0,1362
850821,70.5,70.84375,70.40625,70.84375,9,1353
850822,70.90625,70.90625,70.90625,70.90625,0,1353
850823,70.90625,70.90625,70.8125,70.84375,1,1352
850826,70.46875,70.59375,70.46875,70.59375,9,1343
850827,71,71.1875,71,71.1875,5,1338
850828,71.25,71.25,70.9375,70.9375,4,1334
850829,71.28125,71.28125,71.28125,71.28125,0,1334
850830,70.59375,70.59375,70.3125,70.3125,3,1335
850903,70.3125,70.625,70.3125,70.625,1,1336
850904,71.03125,71.03125,71.03125,71.03125,0,1336
850905,70.84375,70.84375,70.375,70.375,2,1334
850906,69.65625,69.65625,68.53125,68.5625,35,1335
850909,68.71875,68.84375,68.34375,68.34375,13,1326
850910,68.65625,68.6875,68.375,68.53125,52,1327
850911,68.375,68.40625,68.0625,68.40625,10,1325
850912,68.34375,68.4375,68.25,68.40625,6,1327
850913,69.34375,69.34375,69.1875,69.21875,5,1327
850916,69.5,69.625,69.46875,69.53125,6,1329
850917,69.46875,69.46875,69.03125,69.03125,1,1330
850918,68.9375,68.9375,68.78125,68.8125,2,1330
850919,69.03125,69.03125,69.03125,69.03125,0,1330
850920,69.125,69.15625,69.125,69.125,16,1323
850923,69.5625,69.5625,68.875,68.875,1,1323
850924,68.9375,69.21875,68.65625,69.09375,67,1296
850925,69.1875,69.1875,69.1875,69.1875,0,1296
850926,69.5625,69.625,69.21875,69.625,53,1279
850927,69.28125,69.28125,69.09375,69.125,5,1274
850930,68.875,69.28125,68.875,69.28125,127,1351
851001,69.1875,69.34375,69.1875,69.3125,5,1346
851002,69.40625,69.71875,68.5625,68.5625,11,1335
851003,68.84375,68.84375,68.84375,68.84375,0,1335
851004,68.46875,68.59375,68.46875,68.53125,15,1320
851007,68.3125,68.3125,68,68.21875,33,1287
851008,68.4375,68.5625,68.4375,68.5625,11,1276
851009,68.65625,68.75,68.40625,68.40625,61,1253
851010,68.5625,68.90625,68.5625,68.90625,14,1239
851011,69.21875,69.21875,68.90625,68.96875,83,1223
851014,69.21875,69.21875,69.21875,69.21875,0,1223
851015,69.125,69.1875,69.03125,69.15625,45,1210
851016,69.21875,69.5,69.21875,69.5,37,1183
851017,69.5,69.78125,69.5,69.78125,103,1166
851018,69.84375,70.125,69.84375,69.96875,49,1167
851021,69.96875,69.96875,69.96875,69.96875,0,1167
851022,70.5625,70.6875,70.53125,70.53125,8,1165
851023,70.09375,70.4375,70.09375,70.375,3,1163
851024,70.25,70.375,70.21875,70.21875,1,1164
851025,70.0625,70.0625,69.75,69.75,1,1165
851028,69.625,69.625,69.40625,69.4375,9,1171
851029,69.84375,70.8125,69.84375,70.8125,18,1186
851030,71.46875,72.15625,71.4375,71.46875,14,1182
851031,71.34375,71.625,71.28125,71.5625,8,1181
851101,71,72,71,71.75,20,1168
851104,71.71875,71.84375,71.5625,71.84375,1,1169
851105,72.28125,72.28125,72.1875,72.21875,2,1169
851106,72.5625,72.625,72.15625,72.15625,1,1170
851107,72.5625,72.5625,72.125,72.34375,20,1168
851108,72.71875,72.875,72.59375,72.875,7,1172
851111,72.875,72.90625,72.8125,72.8125,2,1173
851112,73.09375,74.0625,73.09375,74.0625,131,1173
851113,74.1875,74.375,73.875,73.9375,430,1173
851114,73.5625,73.8125,73.5625,73.65625,13,1176
851115,73.46875,73.59375,73.3125,73.5625,21,1178
851118,74.25,74.90625,74.25,74.90625,184,1358
851119,75,75.625,74.875,75.0625,311,1454
851120,74.875,75.0625,74.78125,75.0625,6,1459
851121,75.71875,76.15625,75.59375,75.625,174,1501
851122,75.40625,75.59375,74.90625,74.90625,98,1499
851125,74.625,74.90625,74.625,74.75,18,1493
851126,75,75,74.96875,74.96875,7,1493
851127,74.875,75.53125,74.875,75.40625,16,1502
851129,75.78125,75.78125,75.59375,75.6875,324,1653
851202,76,76,74.625,74.625,467,1503
851203,74.34375,74.5,74.0625,74.40625,11,1492
851204,74.40625,74.90625,74.375,74.90625,4,1488
851205,74.71875,74.90625,74.71875,74.71875,16,1472
851206,75.0625,75.0625,74.5,74.78125,23,1449
851209,75.34375,76.21875,75.34375,76.21875,41,1408
851210,76.59375,77.15625,76.59375,76.84375,46,1362
851211,77.53125,77.9375,77.40625,77.6875,101,1261
851212,77.625,78.21875,77.4375,77.5,37,1224
851213,78.0625,78.75,78.0625,78.75,677,1580
851216,79.0625,79.96875,79,79.96875,267,1635
851217,81.15625,81.15625,80.875,80.875,160,1687
851218,80.25,80.25,79.84375,79.9375,100,1732
851219,79.5,80.21875,79.5,80.21875,64,1707
851220,80.25,81.25,80.25,81.15625,173,1744
851223,80.96875,81.21875,80.96875,81,20,1739
851224,81.25,81.25,81.0625,81.0625,25,1739
851226,81.53125,81.53125,80.875,80.875,309,1719
851227,81.53125,81.5625,81.21875,81.25,15,1719
851230,80.8125,80.8125,80.8125,80.8125,0,1719
851231,80.90625,80.90625,80.8125,80.8125,283,1653
860102,80.5,80.8125,80.375,80.40625,35,1626
860103,80.46875,80.46875,80.09375,80.09375,50,1573
860106,80.21875,80.21875,80.09375,80.09375,32,1575
860107,80.59375,81.125,80.59375,81.125,73,1512
860108,81.25,81.25,79.5,79.53125,19,1506
860109,78.3125,78.75,78.3125,78.75,107,1485
860110,78.5625,78.59375,78.3125,78.3125,24,1482
860113,77.40625,77.5625,76.9375,76.9375,11,1482
860114,77.21875,77.71875,77.21875,77.5625,10,1483
860115,78,78.3125,77.90625,78.1875,6,1484
860116,78.4375,78.4375,77.75,78.25,23,1494
860117,78.5625,78.6875,78.5,78.5,21,1483
860120,77.78125,78.34375,77.78125,78.34375,37,1467
860121,78.65625,78.65625,78.65625,78.65625,0,1467
860122,78.78125,78.8125,78.03125,78.03125,7,1473
860123,78.03125,78.34375,78.03125,78.34375,1,1474
860124,78.03125,78.3125,78.03125,78.3125,21,1489
860127,78.71875,79.4375,78.71875,79.4375,2,1487
860128,80.125,80.28125,79.8125,80.25,45,1497
860129,80.4375,80.6875,80.03125,80.03125,21,1497
860130,80.15625,80.15625,79.71875,79.78125,5,1495
860131,79.8125,80.6875,79.8125,80.25,1,1496
860203,80.6875,81.25,80.6875,81.21875,24,1494
860204,81.75,82.46875,81.75,82.0625,158,1552
860205,82.25,82.28125,81.3125,81.375,44,1584
860206,81.25,81.34375,80,80.4375,155,1614
860207,79.5,79.96875,79.4375,79.9375,242,1451
860210,80.3125,80.59375,80.3125,80.59375,38,1452
860211,81.09375,81.15625,80.90625,81.125,280,1701
860212,81.28125,81.46875,80.9375,81.21875,56,1695
860213,81.78125,81.90625,81.5625,81.90625,81,1619
860214,82.71875,83.4375,82.71875,83.3125,673,2240
860218,83.59375,84.1875,83.21875,84.1875,585,2652
860219,84.15625,84.1875,83.625,83.625,305,2651
860220,83.625,83.78125,83.375,83.78125,9,2644
860221,84.4375,85.6875,84.4375,85.6875,180,2689
860224,85.9375,87.6875,85.6875,87.28125,685,2529
860225,87,87.5,87,87.5,879,2064
860226,87.3125,88.5,87.3125,88.5,604,2508
860227,89.40625,90.5,89.40625,90.5,1027,2950
860228,92.3125,92.3125,90.9375,91.28125,1352,4217
860303,92.28125,92.6875,92.28125,92.6875,3,4214
860304,94.1875,94.53125,93.09375,93.09375,1089,3471
860305,92.65625,92.65625,91.09375,91.09375,31,3471
860306,93.25,93.25,90.90625,90.90625,521,3437
860307,90.78125,91.21875,90.78125,91.21875,299,3375
860310,92.25,93.59375,92.25,93.53125,425,3490
860311,94.46875,94.625,93.96875,94.0625,183,3348
860312,94.15625,94.53125,93.625,94.28125,172,3221
860313,92.84375,93.53125,92.46875,93.53125,51,3186
860314,94.25,94.625,93.5,93.875,7,3185
860317,93.28125,93.375,93.28125,93.375,10,3193
860318,92.3125,93.53125,92.3125,92.625,26,3193
860319,92.875,93.09375,92.8125,93.03125,279,3199
860320,93.5,93.5625,93.3125,93.375,2,3197
860321,93.71875,94,92.96875,92.96875,31,3166
860324,93.9375,94.125,93.75,94.0625,39,3171
860325,94,94.5,93.8125,94.0625,55,3180
860326,94.5625,95.21875,94.40625,95.21875,33,3177
860327,96.5,97.21875,96.5,97.21875,1128,4127
860331,98.25,99.40625,98.25,99.40625,105,4126
860401,100.8125,101.6875,98.8125,98.8125,1440,3200
860402,97.40625,99.375,97,99.375,30,3206
860403,99.84375,99.84375,98.5625,98.5625,12,3201
860404,97.9375,98.96875,97.03125,97.09375,60,3195
860407,96.4375,97.15625,95.96875,96.53125,122,3195
860408,98.15625,98.53125,98.03125,98.53125,13,3205
860409,100.8125,100.8125,99.25,99.6875,177,3218
860410,99.4375,100.3125,99.4375,99.84375,132,3234
860411,100.375,100.375,98.75,98.75,653,3210
860414,99.875,99.96875,99.125,99.96875,329,2946
860415,99.96875,99.96875,99.09375,99.125,109,2944
860416,100.375,101.125,100.375,101.125,129,3047
860417,100.625,101.15625,100.4375,100.78125,180,3130
860418,100.5625,100.5625,99.96875,99.96875,17,3113
860421,99.84375,100.3125,99.84375,100.1875,58,3066
860422,100.65625,100.65625,98.1875,98.1875,67,3071
860423,95.71875,97.28125,95.71875,96.5,129,3039
860424,95.1875,95.625,94.6875,94.6875,169,3072
860425,94.9375,95.59375,94.25,94.46875,22,3067
860428,95.4375,95.875,94.84375,95.875,54,3022
860429,96.625,97.0625,96.0625,97.0625,346,3245
860430,97,97.1875,96.5625,97.03125,518,2812
860501,96.375,96.46875,96.0625,96.0625,276,2834
860502,95.09375,95.09375,95.09375,95.09375,0,2834
860505,95.1875,97.09375,95.1875,97.09375,14,2837
860506,97,97.5,96.5,96.78125,17,2838
860507,95.875,96.5,95.875,96.40625,63,2800
860508,97.40625,97.40625,96.6875,96.9375,7,2796
860509,95.53125,95.96875,95.28125,95.40625,145,2709
860512,93.78125,94.03125,93.40625,93.40625,199,2705
860513,94.21875,94.21875,94.21875,94.21875,0,2705
860514,94.9375,95.125,93.71875,94,86,2706
860515,93.0625,93.0625,91.78125,92,17,2706
860516,91.40625,91.90625,91.03125,91.1875,292,2510
860519,92.15625,92.15625,91.125,91.125,123,2463
860520,90.34375,92.625,89.78125,92.625,98,2471
860521,92.9375,93.15625,92.1875,92.28125,100,2422
860522,92.875,92.90625,92.15625,92.46875,72,2452
860523,92.71875,93.25,92.6875,93.25,49,2458
860527,93.9375,94.34375,93.625,94.34375,11,2458
860528,94.40625,94.4375,93.8125,93.8125,349,2460
860529,92.8125,93.03125,91.8125,91.8125,60,2459
860530,90.59375,91.34375,90.09375,90.125,263,2289
860602,90.59375,90.59375,88.1875,88.1875,93,2266
860603,88.1875,89.71875,88,89.71875,356,2182
860604,90.3125,90.3125,87.71875,87.78125,13,2191
860605,88.78125,88.8125,88.5625,88.65625,34,2220
860606,90.09375,90.65625,89.875,90.65625,39,2228
860609,89.15625,89.15625,88,88.46875,2,2230
860610,87.96875,88.9375,87.96875,88.90625,27,2206
860611,88.40625,89.8125,87.96875,89.8125,788,1785
860612,89.5625,90.3125,89.34375,89.71875,2,1785
860613,90.6875,91.71875,90.6875,91.71875,25,1782
860616,93.34375,93.9375,93.21875,93.5625,36,1776
860617,94.28125,94.28125,93.4375,93.875,5,1773
860618,93.65625,94.25,93.5625,93.8125,149,1687
860619,93.3125,93.4375,92.40625,92.40625,3,1688
860620,93.0625,94.25,92.84375,94.15625,15,1691
860623,94.25,95.21875,94.21875,95.03125,6,1689
860624,95.34375,95.78125,94.78125,95.34375,76,1687
860625,96.40625,96.40625,95.15625,95.15625,172,1796
860626,94.75,95.8125,94.75,95.375,126,1907
860627,95.96875,96.21875,95.65625,96.09375,190,1839
860630,96.59375,96.625,96.3125,96.46875,1,1839
860701,96.46875,96.59375,95.84375,96.21875,22,1831
860702,96.25,96.25,96.25,96.25,0,1831
860703,96.3125,97.34375,96.3125,97.34375,117,1932
860707,97.5,97.5,96.8125,96.875,116,1927
860708,96.28125,96.28125,94.96875,95,4,1925
860709,95.71875,96.5625,95.71875,96.5625,74,1911
860710,97,97.15625,95.96875,96.4375,798,2292
860711,96.09375,96.5625,95.5,96.21875,267,2517
860714,96.4375,97.34375,96.4375,97.28125,3,2516
860715,97.28125,98.09375,96.90625,98.09375,135,2563
860716,98,98.53125,97.21875,97.21875,16,2563
860717,97.03125,97.1875,96.3125,96.6875,3,2564
860718,96.65625,97,96.28125,96.8125,2,2564
860721,97,97,97,97,0,2564
860722,96.15625,96.25,95.625,95.625,9,2569
860723,94.84375,94.84375,94.1875,94.59375,84,2602
860724,94.34375,94.34375,93.53125,93.5625,56,2568
860725,93.3125,93.75,93.3125,93.75,15,2568
860728,93,93,91.75,91.75,20,2572
860729,92.0625,93.15625,91.875,93.15625,72,2543
860730,92.9375,93.6875,92.9375,93.6875,11,2552
860731,93.875,94.59375,93.53125,94.53125,19,2552
860801,93.53125,94.15625,93.53125,94.0625,2,2554
860804,94.46875,94.46875,94.46875,94.46875,0,2554
860805,93.46875,93.46875,93.15625,93.25,1,2554
860806,93.09375,93.09375,92.90625,92.96875,1,2555
860807,92.4375,93.875,92.4375,93.875,6,2552
860808,95.8125,95.8125,95.8125,95.8125,0,2552
860811,96.15625,96.59375,96.09375,96.53125,230,2573
860812,97.03125,97.03125,96.21875,96.46875,9,2582
860813,96.15625,97.59375,96.15625,97.59375,244,2531
860814,97.6875,97.78125,97.1875,97.34375,10,2528
860815,97.59375,97.625,97.21875,97.40625,29,2518
860818,96.875,97.75,96.875,97.71875,131,2615
860819,98.40625,98.9375,98.40625,98.75,24,2594
860820,99.0625,99.21875,98.4375,98.9375,168,2607
860821,98.6875,99.09375,98.03125,98.34375,94,2566
860822,97.53125,97.59375,97,97.28125,79,2563
860825,97.125,97.71875,97.125,97.71875,27,2542
860826,98,98.78125,98,98.78125,1017,3502
860827,98.53125,98.53125,97.625,97.625,347,3254
860828,98.0625,98.84375,98.0625,98.21875,27,3254
860829,99,99.09375,98.6875,99.03125,1087,2614
860902,98.46875,98.84375,97.03125,97.03125,328,2792
860903,96.1875,96.1875,94.96875,95.28125,71,2502
860904,95.46875,95.84375,94.8125,95.21875,412,2501
860905,94.46875,94.46875,93.5,93.5625,118,2555
860908,93.125,93.5625,92.75,92.75,47,2564
860909,93.65625,93.65625,93.40625,93.5625,437,2601
860910,93.8125,93.84375,93.4375,93.6875,39,2562
860911,92.75,92.75,91.6875,91.6875,21,2566
860912,90.3125,91.25,90.3125,90.59375,290,2334
860915,91.40625,91.6875,91.28125,91.65625,483,2511
860916,91.21875,91.78125,91.21875,91.78125,1,2512
860917,92.0625,92.5,92.0625,92.46875,16,2507
860918,92.78125,92.78125,90.78125,90.96875,47,2544
860919,90.25,90.25,89.25,89.6875,133,2566
860922,90.3125,90.84375,89.875,90.78125,439,2580
860923,91.5,91.96875,90.65625,91.125,269,2489
860924,91.0625,92.8125,90.9375,92.8125,184,2485
860925,93.28125,93.28125,92.09375,92.40625,296,2519
860926,91.53125,92.9375,91.375,92.75,750,3026
860929,91.15625,92,91.15625,91.96875,755,3390
860930,92.4375,93.78125,92.3125,93.75,1833,4127
861001,93.875,94.40625,93.4375,93.8125,292,4097
861002,93.53125,93.59375,93.15625,93.25,77,4083
861003,94.40625,94.6875,93.78125,94.21875,171,4142
861006,94.4375,94.5,94.09375,94.15625,141,4142
861007,94.03125,94.40625,93.625,94.40625,110,4090
861008,93.75,94.6875,93.21875,93.71875,203,4123
861009,93.28125,93.90625,93.1875,93.84375,112,4144
861010,93.4375,93.59375,93.09375,93.34375,145,4138
861013,92.71875,93.25,92.71875,93.25,161,4142
861014,93.1875,93.46875,91.8125,91.875,174,4164
861015,92.0625,92.375,91.46875,92.34375,210,4182
861016,92.34375,92.5,91.8125,91.8125,74,4197
861017,91.53125,91.875,91.375,91.75,375,4396
861020,90.9375,91.09375,90.75,90.84375,1032,4400
861021,91.4375,91.90625,91.3125,91.8125,94,4373
861022,91.28125,92.8125,91.28125,92.75,182,4374
861023,93.0625,93.46875,92.78125,93.40625,437,4165
861024,93.0625,93.3125,92.9375,93.03125,176,4181
861027,92.8125,93.78125,92.78125,93.6875,77,4251
861028,93.78125,93.84375,93.28125,93.34375,183,4340
861029,92.875,94.5,92.875,94.28125,746,4590
861030,95.3125,95.78125,94.65625,95.28125,1741,3835
861031,95.25,95.40625,94.78125,95.21875,177,3813
861103,95.375,96.21875,95.375,95.75,110,3831
861104,95.4375,96,95.25,95.78125,49,3865
861105,95.84375,95.96875,95.4375,95.78125,197,3818
861106,95.40625,95.40625,94.4375,94.46875,615,3697
861107,93.53125,94.0625,93.15625,93.40625,236,3751
861110,93,93.84375,92.84375,93.84375,347,3681
861111,93.875,93.90625,93.65625,93.71875,273,3575
861112,93.9375,94.15625,93.40625,94.15625,574,3687
861113,94.34375,94.71875,94.21875,94.53125,628,4079
861114,94.59375,95.625,94.59375,95.5,102,4091
861117,95.3125,96.8125,95.28125,96.6875,4772,7610
861118,96.5,96.65625,95.75,95.75,927,7655
861119,96.625,97.09375,96.46875,97.09375,536,7624
861120,96.8125,97.46875,96.4375,96.75,1434,7686
861121,97.09375,97.1875,96.75,96.875,78,7694
861124,97.15625,97.5625,97.125,97.46875,489,7852
861125,97.78125,97.78125,96.4375,96.53125,786,8370
861126,96.25,96.75,96.15625,96.75,38,8406
861128,96.8125,96.875,96.71875,96.8125,14,8411
861201,95.875,96.5,95.875,96.5,447,8547
861202,96.71875,97.90625,96.71875,97.90625,513,8720
861203,98.34375,98.59375,98.15625,98.15625,1776,8960
861204,98.3125,98.90625,98.15625,98.65625,1263,9167
861205,98.21875,98.21875,96.75,96.75,1502,9450
861208,97.125,97.53125,96.28125,97.53125,1912,9526
861209,97.4375,97.6875,97.21875,97.3125,48,9528
861210,97.28125,97.9375,97.15625,97.9375,221,9493
861211,97.46875,97.5625,96.5625,96.71875,316,9465
861212,96.5,97.09375,96.28125,96.78125,106,9491
861215,95.9375,96.78125,95.84375,96.75,579,9424
861216,97.03125,97.53125,97,97.125,1010,9624
861217,97.28125,97.40625,97.125,97.21875,215,9546
861218,97.6875,97.84375,97.15625,97.28125,312,9544
861219,97.15625,97.75,97.15625,97.6875,541,9576
861222,97.21875,98.15625,97.21875,98.09375,750,9846
861223,98.34375,98.5625,98.1875,98.25,387,9800
861224,98.3125,98.4375,98.25,98.375,242,9655
861226,98.21875,98.3125,98.1875,98.25,5,9656
861229,97.96875,97.96875,97,97,1007,9517
861230,96.71875,96.71875,96.40625,96.5625,620,9524
861231,96.78125,96.78125,96.15625,96.1875,1055,9416
870102,96.28125,98,96.28125,97.9375,1110,9421
870105,98.28125,98.65625,98,98.625,1252,8933
870106,98.65625,98.78125,98.25,98.59375,2168,8139
870107,98.34375,99.15625,98.1875,99.125,408,8052
870108,99.53125,99.6875,99.25,99.25,320,7991
870109,99.4375,99.78125,98.5625,99.78125,453,7651
870112,99.375,99.75,99.0625,99.25,59,7649
870113,98.59375,99.03125,98.5,98.78125,314,7606
870114,98.40625,99.0625,98.03125,98.3125,175,7555
870115,98.625,98.84375,98.09375,98.34375,582,7711
870116,98.90625,99.28125,98.625,99.25,491,7983
870119,98.8125,99.78125,98.6875,99.59375,610,7897
870120,99.5,100.09375,99.5,99.59375,683,8183
870121,99.5625,99.78125,99.34375,99.5625,715,8240
870122,99.5,99.53125,98.84375,99.46875,372,8378
870123,99.0625,99.6875,98.28125,98.46875,197,8340
870126,98.40625,98.40625,97.4375,97.5625,803,8289
870127,97.625,97.84375,97.375,97.75,1556,8798
870128,97.53125,98.40625,97.46875,98.375,344,8776
870129,98.59375,98.625,98.28125,98.28125,1281,9784
870130,98.78125,98.78125,97.6875,97.875,446,9718
870202,97.5625,97.59375,97.09375,97.5,242,9683
870203,97.1875,97.59375,97.1875,97.375,749,9811
870204,97.59375,97.75,97.375,97.625,334,9743
870205,97.78125,98.75,97.71875,98.75,911,9798
870206,98.71875,98.9375,98.375,98.625,2543,8978
870209,98.3125,98.3125,97.5625,97.6875,320,9040
870210,97.375,97.40625,96.5,96.84375,218,9082
870211,96.9375,97.125,96.1875,96.53125,2109,8160
870212,96.78125,97.4375,96.78125,97.4375,1860,8520
870213,97.5625,97.84375,97.46875,97.5625,5303,9803
870217,96.8125,97.46875,96.625,97.46875,604,10062
870218,97.4375,98.0625,97.4375,97.9375,321,10029
870219,98.71875,98.75,98.21875,98.34375,6276,7322
870220,98.25,98.59375,98.1875,98.40625,994,7739
870223,98.15625,98.75,97.96875,98.71875,968,7586
870224,98.84375,99.5,98.84375,99.34375,2194,7484
870225,99.1875,99.46875,99.03125,99.09375,2027,7602
870226,99.15625,99.53125,98.78125,99.1875,1611,7376
870227,99.375,99.84375,99.34375,99.5,941,7362
870302,99.78125,100.125,99.6875,99.84375,1574,6904
870303,99.65625,99.6875,99.28125,99.3125,2326,7383
870304,99.1875,100.5,99.1875,100.4375,616,7426
870305,100.53125,100.625,100.15625,100.28125,8061,8374
870306,99.71875,99.84375,99.28125,99.375,1646,8939
870309,99.1875,99.46875,98.9375,99.34375,143,8946
870310,99.40625,99.5,99.125,99.21875,1352,8849
870311,98.96875,99.34375,98.65625,99.1875,269,8872
870312,99.28125,99.65625,99.21875,99.4375,1134,8796
870313,99.8125,99.9375,99.59375,99.78125,1210,8895
870316,99.625,99.6875,99.40625,99.53125,1701,9642
870317,99.28125,99.90625,99.1875,99.875,1540,9859
870318,100.0625,100.21875,99.75,99.78125,4531,11367
870319,99.65625,100.1875,99.625,99.875,198,11175
870320,99.9375,100.125,99.625,99.65625,1002,11271
870323,99.28125,99.65625,99.25,99.3125,2371,12001
870324,99.03125,99.25,98.875,99.09375,2998,13047
870325,99.1875,99.375,99.09375,99.28125,637,13051
870326,99.40625,99.8125,99.40625,99.75,450,13064
870327,99.3125,99.65625,98.53125,98.6875,3138,13369
870330,97.65625,97.8125,96.5625,96.75,4666,14810
870331,97.125,97.46875,96.375,97.4375,11906,16569
870401,96.65625,97.03125,96.375,96.6875,2702,16440
870402,97.34375,97.40625,96.21875,96.25,3460,16892
870403,96.5625,97.21875,96.0625,96.75,1960,16950
870406,97.25,97.46875,96.9375,97.125,882,17105
870407,96.84375,97.0625,96.15625,96.21875,3344,17802
870408,96.84375,96.875,96.25,96.375,1986,18702
870409,96.375,96.46875,93.78125,94.6875,6520,20944
870410,93.75,94.3125,93,93.6875,7718,20644
870413,94,94.125,92.84375,92.9375,4016,21497
870414,91.25,92.6875,90,91.625,14755,27749
870415,93,93.1875,91.84375,92.28125,5917,27438
870416,93.28125,93.46875,92.96875,93.25,4517,26672
870420,93.34375,93.53125,91.34375,91.59375,5727,28033
870421,91.0625,91.625,89.71875,91.59375,8743,30693
870422,91.4375,92.09375,90.875,91.1875,4383,30703
870423,90.875,91.625,90.15625,90.46875,3807,33326
870424,89.5,89.8125,88.5,88.59375,5867,34268
870427,87.6875,90.625,87.4375,90.21875,7739,35700
870428,90.28125,91.4375,90.0625,91.25,9591,37740
870429,91.90625,91.96875,90.59375,90.84375,2849,37996
870430,91,93.0625,90.40625,92.09375,4908,37397
870501,92.3125,92.625,90.625,90.84375,7727,36759
870504,90.71875,90.71875,89.375,89.5,15662,43197
870505,89.5,90.84375,89.34375,90.59375,9285,47307
870506,90.75,90.96875,89.46875,89.75,5703,46268
870507,89.75,91.40625,89.4375,91.03125,6600,47477
870508,90.75,91.78125,90.5625,91.25,14373,49435
870511,91.71875,91.90625,89.6875,89.8125,6912,51032
870512,89.5,90.46875,89.09375,90.09375,5600,52635
870513,90.4375,90.78125,89.4375,90.28125,13347,55475
870514,90.375,90.75,89.78125,89.96875,11348,59638
870515,89.875,90,87.78125,87.875,17953,61821
870518,87.84375,88.90625,87.375,88.8125,23644,68189
870519,88.6875,88.875,87,87.1875,18491,71535
870520,86.6875,87.34375,86.09375,86.84375,26775,77511
870521,86.9375,87.8125,86.71875,87.15625,19490,81009
870522,86.96875,88.375,86.90625,88.375,22738,87506
870526,89.59375,90.78125,89.3125,90.71875,26057,91068
870527,90.84375,91.03125,89.8125,90.09375,26621,97732
870528,90.03125,90.53125,89.1875,90.09375,49317,118210
870529,90.4375,91.4375,90.25,91.0625,36966,122601
870601,92.03125,92.03125,90.6875,90.78125,249294,143760
870602,90.8125,91.3125,88.375,88.5,439879,178049
870603,88.15625,89.65625,88.03125,89.3125,286719,173533
870604,89.5625,89.90625,89.09375,89.53125,238912,174701
870605,89.46875,90.71875,89.375,90.65625,228826,181777
870608,89.875,90.625,89.46875,90.40625,235322,184792
870609,90.3125,90.40625,89.65625,90.03125,253415,185706
870610,90,91.3125,89.65625,90.1875,313401,193068
870611,90.0625,90.84375,90.03125,90.5,175757,186573
870612,90.65625,92.53125,90.5625,92.40625,286926,199416
870615,92.59375,93.03125,91.90625,92.625,273872,205704
870616,92.6875,92.875,92.125,92.53125,206343,202269
870617,92.65625,93.21875,92.53125,92.96875,206260,201227
870618,93.15625,93.21875,92.1875,92.59375,187352,203618
870619,92.25,92.75,92.03125,92.46875,185595,205483
870622,93.09375,93.5,92.96875,93.1875,210503,205999
870623,93.15625,93.75,92.71875,92.96875,273329,213422
870624,92.8125,92.96875,92.125,92.15625,188896,211477
870625,92.21875,92.78125,92.21875,92.59375,148592,206485
870626,92.3125,92.4375,91.25,91.46875,205887,215731
870629,91.03125,92,90.96875,91.96875,148236,215442
870630,92,92.28125,91.0625,91.5,257064,217319
870701,91.53125,91.8125,91.09375,91.59375,165595,217434
870702,91.6875,92.59375,91.53125,92.5625,132964,221401
870706,92.90625,93.0625,92.28125,92.53125,163348,217066
870707,92.5625,92.9375,92.1875,92.84375,187098,213893
870708,92.90625,93.15625,91.90625,92.25,255323,218479
870709,92.21875,92.21875,91.4375,91.5,178424,220339
870710,91.4375,92.375,91.375,92.28125,183568,218950
870713,91.96875,92.0625,91.40625,91.65625,165560,225590
870714,91.59375,92.5,91.21875,92.46875,260600,224680
870715,92.40625,92.5,91.09375,91.53125,285141,227428
870716,91.46875,91.875,91.375,91.78125,205694,222281
870717,91.6875,92.375,91.6875,92.28125,174855,218333
870720,91.5625,91.9375,91.53125,91.71875,145123,221022
870721,91.59375,91.78125,90.53125,90.625,271786,232033
870722,90.5625,90.8125,89.875,90.1875,284307,237758
870723,90.125,90.40625,89.78125,90.0625,265379,230566
870724,90.1875,90.25,89.5625,89.78125,183257,238012
870727,89.5625,90.1875,89.5625,89.6875,176493,232047
870728,89.8125,90.3125,89.25,89.46875,276745,234297
870729,89.5,89.78125,89.3125,89.65625,191107,232257
870730,90.125,90.15625,89.15625,89.96875,261577,230422
870731,90.0625,90.125,89.1875,89.5,158482,227950
870803,88.59375,88.71875,88.15625,88.1875,204717,227062
870804,88.21875,88.5,87.40625,88.1875,310125,229044
870805,88.125,89.375,88.125,89.21875,273932,224251
870806,89.1875,89.28125,88.75,88.96875,217851,223897
870807,89.09375,89.625,88.5,89.4375,252522,229389
870810,89.03125,89.59375,88.96875,89.1875,195905,225321
870811,89.28125,89.78125,89.09375,89.34375,212754,224009
870812,89.28125,89.625,89.1875,89.4375,169236,218672
870813,89.4375,90.5,89.28125,90.46875,304181,219839
870814,90.78125,91.21875,89.53125,90.9375,389592,206973
870817,90.9375,91.375,90.6875,91.09375,239412,202038
870818,90.875,91,89.15625,89.21875,423676,205197
870819,89.25,89.46875,88.78125,88.96875,253698,204405
870820,88.84375,89.75,88.71875,89.65625,256730,198062
870821,89.59375,89.6875,89.09375,89.28125,213070,195336
870824,89.125,89.5,89,89.1875,190688,189286
870825,89.25,89.84375,89.21875,89.71875,235769,188296
870826,89.6875,89.8125,89.125,89.15625,203795,170387
870827,89.21875,89.25,87.875,88,364239,148385
870828,87.9375,88.15625,87.09375,87.375,338716,125405
870831,87.4375,87.625,86.75,87.5,55843,103747
870901,87.53125,87.75,86.90625,87,30998,85209
870902,86.5625,86.6875,84.78125,85,44065,63810
870903,85.15625,85.65625,84.4375,85.09375,23389,53409
870904,85.03125,85.75,84.5625,84.90625,8396,50054
870908,84.78125,84.8125,83,83.21875,17151,43543
870909,83.40625,83.78125,82.5,83.25,8895,38332
870910,83.5,84.1875,83.375,83.6875,7679,36122
870911,83.75,85,83.1875,84.46875,7713,33659
870914,84.28125,85.21875,84.03125,84.34375,9367,28654
870915,84.375,84.5,83.125,83.375,8451,23444
870916,83.21875,83.5625,82.3125,82.875,8808,19670
870917,82.875,83.625,82.875,83.1875,9131,14646
870918,83.71875,84.1875,83.6875,83.96875,6426,12236
870921,84.21875,84.625,83.9375,84.15625,8821,7752
