840621,58.28125,58.4375,58,58,1,1
840622,57.75,57.75,57.75,57.75,0,1
840625,57.84375,57.84375,57.84375,57.84375,0,1
840626,57.53125,57.53125,57.53125,57.53125,1,1
840627,57.8125,57.9375,57.40625,57.40625,1,2
840628,57.25,57.25,57.25,57.25,0,2
840629,57,57,56.90625,56.90625,2,3
840702,56.90625,56.96875,56.84375,56.96875,3,6
840703,57.0625,57.71875,57.0625,57.71875,2,5
840705,57.75,57.75,57.75,57.75,0,5
840706,57.5625,57.5625,57.5625,57.5625,0,5
840709,59.03125,59.03125,59.03125,59.03125,0,5
840710,59.03125,59.03125,59.03125,59.03125,0,5
840711,58.96875,58.96875,58.96875,58.96875,0,5
840712,59.59375,60.15625,59.5,60.15625,2,7
840713,60.71875,60.71875,60.71875,60.71875,0,7
840716,60.78125,60.78125,60.53125,60.625,1,7
840717,60.25,60.25,60.25,60.25,0,7
840718,60.0625,60.15625,60.0625,60.15625,1,7
840719,60.28125,60.28125,60.28125,60.28125,0,7
840720,59.53125,59.53125,59.53125,59.53125,0,7
840723,59.9375,59.9375,59.9375,59.9375,0,7
840724,60.5,60.5,60.03125,60.03125,2,8
840725,61.5,61.5,61.5,61.5,0,8
840726,61.875,61.875,61.875,61.875,0,8
840727,61.53125,61.90625,61.4375,61.53125,4,10
840730,61.03125,61.03125,61.03125,61.03125,0,10
840731,61.6875,61.6875,61.6875,61.6875,0,10
840801,62.03125,62.03125,62.03125,62.03125,0,10
840802,62.4375,62.4375,62.4375,62.4375,0,10
840803,63,63.21875,63,63.15625,2,11
840806,62.4375,62.4375,62.4375,62.4375,0,11
840807,62.65625,62.65625,62.65625,62.65625,0,11
840808,62.65625,62.65625,62.65625,62.65625,0,11
840809,62.5,63.25,62.5,63.0625,2,10
840810,63,63,62.53125,62.65625,10,20
840813,61.96875,61.96875,61.9375,61.9375,4,22
840814,61.71875,61.8125,61.65625,61.65625,2,23
840815,61.84375,61.84375,61.46875,61.46875,1,23
840816,61.8125,61.8125,61.8125,61.8125,0,23
840817,62,62.0625,61.75,62.0625,1,24
840820,62.375,62.375,62.375,62.375,0,24
840821,62.53125,62.84375,62.53125,62.71875,3,23
840822,62.375,62.375,62.375,62.375,0,23
840823,62.25,62.375,62.25,62.28125,2,21
840824,62.53125,62.53125,62.53125,62.53125,0,21
840827,61.9375,61.9375,61.9375,61.9375,0,21
840828,62.1875,62.1875,62.1875,62.1875,0,21
840829,62.03125,62.03125,62.03125,62.03125,0,21
840830,62.21875,62.21875,62.21875,62.21875,0,21
840831,62.46875,62.46875,62.46875,62.46875,0,21
840904,62,62.09375,62,62.09375,1,22
840905,61.78125,61.78125,61.78125,61.78125,0,22
840906,62.6875,62.6875,62.6875,62.6875,0,22
840907,63,63,63,63,0,22
840910,63.125,63.40625,63.125,63.34375,16,38
840911,63.71875,63.71875,63.65625,63.65625,10,36
840912,63.5,63.8125,63.5,63.6875,5,35
840913,63.96875,64.25,63.96875,64.25,1,35
840914,64.65625,64.65625,64.375,64.375,1,36
840917,64.59375,64.59375,64.59375,64.59375,0,36
840918,64.6875,64.6875,64.6875,64.6875,0,36
840919,65,65.46875,65,65.46875,3,35
840920,65.0625,65.53125,65.0625,65.375,7,30
840921,64.78125,64.875,64.53125,64.59375,2,31
840924,64.25,64.25,64.25,64.25,0,31
840925,63.84375,63.84375,63.84375,63.84375,0,31
840926,64.21875,64.21875,64.21875,64.21875,0,31
840927,65.1875,65.1875,65.1875,65.1875,0,31
840928,64.125,64.125,64.125,64.125,0,31
841001,63.8125,63.8125,63.8125,63.8125,0,31
841002,63.875,63.875,63.875,63.875,0,31
841003,63.65625,63.65625,63.65625,63.65625,0,31
841004,63.8125,63.8125,63.8125,63.8125,0,31
841005,64.53125,64.53125,64.53125,64.53125,0,31
841008,64.625,64.625,64.625,64.625,0,31
841009,64.53125,64.53125,64.53125,64.53125,0,31
841010,64.40625,64.40625,64.40625,64.40625,0,31
841011,64.65625,64.65625,64.65625,64.65625,0,31
841012,64.84375,64.90625,64.71875,64.71875,2,31
841015,64.21875,64.28125,64.21875,64.28125,1,30
841016,64.1875,64.1875,64.1875,64.1875,0,30
841017,64.5625,64.5625,64.5625,64.5625,0,30
841018,65.625,65.625,65.625,65.625,0,30
841019,66.46875,66.46875,66.46875,66.46875,0,30
841022,66.75,66.75,66.75,66.75,0,30
841023,66.90625,67.0625,66.75,66.78125,6,30
841024,66.46875,66.5625,66.46875,66.5625,16,14
841025,66.375,66.375,66.375,66.375,0,14
841026,65.84375,66.125,65.84375,66.125,1,14
841029,66.28125,66.28125,66.28125,66.28125,0,14
841030,67.21875,67.21875,67.21875,67.21875,0,14
841031,66.84375,66.84375,66.84375,66.84375,0,14
841101,67.5625,67.5625,67.5625,67.5625,0,14
841102,67.46875,67.46875,67.40625,67.40625,6,14
841105,67.8125,67.8125,67.8125,67.8125,0,14
841106,67.75,67.75,67.75,67.75,0,14
841107,66.84375,66.84375,66.84375,66.84375,0,14
841108,66.1875,66.25,66.125,66.125,1,14
841109,66.8125,66.8125,66.6875,66.71875,1,15
841112,66.65625,66.65625,66.65625,66.65625,0,15
841113,66.1875,66.1875,66.1875,66.1875,0,15
841114,66.03125,66.03125,66.03125,66.03125,0,15
841115,66.5,66.5625,66.46875,66.46875,1,14
841116,66.96875,67,66.5,66.5,4,12
841119,66.84375,66.84375,66.84375,66.84375,0,12
841120,67.1875,67.1875,67.1875,67.1875,0,12
841121,67.59375,68,67.59375,67.96875,1,12
841123,68.9375,69.0625,68.9375,69.0625,1,11
841126,68.96875,68.96875,68.96875,68.96875,0,11
841127,69,69.21875,68.875,69.21875,5,11
841128,68.5625,68.5625,68.5625,68.5625,0,11
841129,68.3125,68.3125,68.3125,68.3125,0,11
841130,67.78125,67.78125,67.78125,67.78125,0,11
841203,67.875,67.875,67.875,67.875,0,11
841204,68.03125,68.03125,68.03125,68.03125,0,11
841205,68.34375,68.34375,67.84375,67.84375,1,11
841206,67.71875,67.75,67.4375,67.4375,20,29
841207,66.90625,66.96875,66.78125,66.78125,10,38
841210,67.25,67.25,67.25,67.25,0,38
841211,67.5625,67.5625,67.5625,67.5625,1,38
841212,67.625,67.625,67.625,67.625,0,38
841213,67.03125,67.03125,67.03125,67.03125,0,38
841214,67.625,67.625,67.625,67.625,0,38
841217,67.90625,67.90625,67.90625,67.90625,0,38
841218,67.625,68.75,67.625,68.6875,3,37
841219,68.0625,68.0625,68.0625,68.0625,0,37
841220,67.53125,67.53125,67.53125,67.53125,0,37
841221,67.5625,67.5625,67.5625,67.5625,0,37
841224,67.78125,67.78125,67.65625,67.65625,41,43
841226,67.40625,67.40625,67.40625,67.40625,0,43
841227,67.71875,67.71875,67.71875,67.71875,0,43
841228,67.96875,68,67.96875,68,2,43
841231,67.90625,67.90625,67.5,67.5,7,43
850102,67.40625,67.40625,66.59375,66.59375,60,35
850103,66.59375,67,66.59375,66.875,1,35
850104,66.40625,66.40625,66.40625,66.40625,0,35
850107,67.21875,67.21875,67.21875,67.21875,0,35
850108,67.34375,67.59375,67.34375,67.59375,15,50
850109,67.5625,67.5625,67.5625,67.5625,0,50
850110,67.25,67.4375,67.21875,67.4375,20,45
850111,66.65625,66.71875,66.65625,66.71875,2,43
850114,66.28125,66.5,66.15625,66.15625,1,42
850115,66.59375,66.59375,66.59375,66.59375,0,42
850116,66.46875,66.46875,66.40625,66.40625,10,40
850117,66.375,66.375,66.375,66.375,0,40
850118,66.90625,66.90625,66.75,66.84375,2247,2236
850121,66.8125,66.8125,66.8125,66.8125,2,2238
850122,67.375,67.78125,67.375,67.78125,2,2240
850123,68,68,68,68,0,2240
850124,68.5,69.0625,68.5,69.0625,20,2258
850125,69.125,69.375,68.5625,68.5625,2216,871
850128,68.84375,68.84375,68.375,68.625,10,869
850129,68.53125,68.53125,68.53125,68.53125,0,869
850130,68.34375,68.34375,68.34375,68.34375,0,869
850131,68.1875,68.1875,68.1875,68.1875,0,869
850201,67.8125,67.9375,67.71875,67.875,4,865
850204,67.875,67.875,67.875,67.875,0,865
850205,68.15625,68.15625,68.15625,68.15625,0,865
850206,67.75,67.75,67.75,67.75,0,865
850207,67.6875,67.6875,67.53125,67.53125,2,865
850208,67.6875,67.6875,67.6875,67.6875,0,865
850211,67.9375,67.9375,67.15625,67.15625,30,885
850212,67.28125,67.28125,67.28125,67.28125,0,885
850213,67.4375,67.46875,67.4375,67.46875,16,869
850214,68,68.03125,68,68.03125,10,872
850215,67.65625,67.65625,67.28125,67.28125,10,862
850219,67.34375,67.34375,67.34375,67.34375,0,862
850220,66.84375,66.84375,66.40625,66.4375,22,854
850221,66,66.03125,65.875,65.9375,0,854
850222,65.5,65.5,65.125,65.5,5,854
850225,65.4375,65.46875,65.15625,65.46875,20,873
850226,65.40625,65.90625,65.375,65.90625,31,895
850227,65.28125,65.46875,64.78125,64.8125,1,894
850228,64.625,64.625,64.53125,64.53125,1,893
850301,64.90625,64.90625,64.90625,64.90625,0,893
850304,64.53125,64.53125,64.34375,64.34375,2,891
850305,64.8125,64.8125,64.8125,64.8125,0,891
850306,64.9375,64.9375,64.375,64.4375,3,888
850307,64.3125,64.3125,64.3125,64.3125,0,888
850308,65.125,65.4375,65.09375,65.4375,108,949
850311,65.5,65.5,65.5,65.5,0,949
850312,65.3125,65.3125,65.3125,65.3125,0,949
850313,64.90625,64.90625,64.6875,64.71875,44,973
850314,64.46875,64.78125,64.4375,64.59375,20,993
850315,64.625,64.625,64.3125,64.3125,4,989
850318,63.6875,63.6875,63.6875,63.6875,0,989
850319,64.0625,64.0625,64.0625,64.0625,0,989
850320,64.4375,64.5,64.21875,64.40625,1,988
850321,64.53125,64.53125,64.53125,64.53125,0,988
850322,64.15625,64.15625,64.15625,64.15625,0,988
850325,64.625,64.625,64.625,64.625,0,988
850326,65.03125,65.03125,65.03125,65.03125,0,988
850327,64.40625,64.4375,64.40625,64.4375,2,989
850328,64.53125,64.8125,64.375,64.375,51,980
850329,64.40625,65.03125,64.40625,64.90625,8,983
850401,64.6875,64.71875,64.6875,64.71875,2,984
850402,64.625,64.625,64.4375,64.46875,2,986
850403,64.4375,64.4375,64.4375,64.4375,0,986
850404,64.25,64.25,64.25,64.25,0,986
850408,64.5,64.5,64.03125,64.03125,5,991
850409,64.5625,64.5625,64.5625,64.5625,0,991
850410,65.15625,65.15625,65.15625,65.15625,0,991
850411,66,66.03125,65.8125,65.8125,1,990
850412,65.875,65.875,65.75,65.75,1,991
850415,65.96875,65.96875,65.96875,65.96875,0,991
850416,66.15625,66.46875,66.09375,66.46875,3,992
850417,66.4375,66.46875,66,66.21875,4,992
850418,66.8125,67.0625,66.8125,66.84375,19,981
850419,66.75,66.75,66.75,66.75,0,981
850422,66.75,66.875,66.75,66.84375,2,979
850423,66.03125,66.03125,66.03125,66.03125,0,979
850424,66.03125,66.15625,65.90625,66.15625,11,977
850425,65.8125,65.90625,65.8125,65.90625,4,977
850426,65.6875,66.0625,65.6875,66.0625,2,977
850429,65.59375,65.59375,65.46875,65.46875,1,977
850430,65.625,65.625,65.625,65.625,0,977
850501,65.90625,65.90625,65.90625,65.90625,0,977
850502,66.21875,66.21875,66.21875,66.21875,0,977
850503,66.625,66.71875,66.46875,66.46875,1,976
850506,66.625,66.625,66.625,66.625,0,976
850507,66.625,66.625,66.59375,66.59375,16,976
850508,65.9375,65.9375,65.9375,65.9375,0,976
850509,66.0625,66.5625,66.0625,66.5625,4,977
850510,67.53125,67.53125,67.53125,67.53125,0,977
850513,67.40625,67.4375,67.40625,67.4375,0,977
850514,68.09375,68.4375,68.09375,68.375,16,975
850515,68.1875,68.1875,68.1875,68.1875,0,975
850516,68.5,68.78125,68.46875,68.75,42,934
850517,68.625,68.625,68.625,68.625,0,934
850520,70.3125,70.40625,70.0625,70.15625,5,933
850521,69.8125,70,69.8125,69.96875,31,932
850522,69.71875,69.71875,69.71875,69.71875,0,932
850523,69.5,69.8125,69.40625,69.8125,271,1088
850524,69.96875,70,69.96875,69.96875,1,1089
850528,70.46875,71.03125,70.46875,71.03125,7,1086
850529,71,71,71,71,0,1086
850530,70.90625,71.5,70.90625,71.5,20,1066
850531,71.34375,72.09375,71.34375,72.03125,2,1064
850603,73.4375,73.46875,73.09375,73.15625,68,996
850604,73.15625,73.21875,72.875,73.03125,90,959
850605,74.46875,74.46875,73.6875,73.96875,7,963
850606,73.625,73.625,73.3125,73.3125,107,1024
850607,72.53125,72.53125,71.4375,71.4375,230,1070
850610,71.46875,71.75,71.46875,71.71875,61,1088
850611,72.40625,72.625,72.40625,72.625,1,1089
850612,72.90625,72.90625,72.28125,72.28125,53,1049
850613,71.875,71.875,71.875,71.875,0,1049
850614,73.15625,73.21875,73.15625,73.15625,300,999
850617,73.09375,73.09375,73.09375,73.09375,0,999
850618,73.3125,73.5,73.28125,73.28125,9,990
850619,72.09375,72.09375,72.09375,72.09375,0,990
850620,72,72,71.46875,71.625,25,1015
850621,71.03125,71.1875,70.5625,70.90625,305,1315
850624,70.4375,70.4375,70.4375,70.4375,0,1315
850625,70.3125,70.3125,70.3125,70.3125,0,1315
850626,70.4375,70.65625,70.25,70.25,53,1362
850627,70.90625,71.21875,70.8125,71.1875,15,1352
850628,71.6875,71.6875,71.6875,71.6875,0,1352
850701,71.90625,71.96875,71.90625,71.96875,10,1342
850702,72.09375,72.09375,71.8125,71.8125,1,1342
850703,71.65625,71.65625,71.65625,71.65625,0,1342
850705,73.1875,73.34375,73.0625,73.25,245,1535
850708,72.8125,72.8125,72.46875,72.625,48,1487
850709,72.625,72.65625,72.59375,72.65625,20,1467
850710,72.78125,72.78125,72.1875,72.3125,144,1426
850711,71.6875,71.6875,71.5625,71.5625,283,1627
850712,71.3125,71.875,71.1875,71.875,335,1852
850715,71.71875,71.96875,71.71875,71.84375,56,1852
850716,72.1875,72.1875,72.1875,72.1875,0,1852
850717,72.15625,72.46875,72.09375,72.46875,3,1852
850718,71.3125,71.3125,71.21875,71.21875,300,2152
850719,70.84375,71.1875,70.84375,71.09375,20,2162
850722,70.65625,70.90625,70.5625,70.78125,367,2353
850723,70.65625,71.0625,70.65625,71.03125,811,2290
850724,71.28125,71.28125,70.6875,70.6875,974,2252
850725,70.46875,70.53125,70.375,70.375,15,2242
850726,70,70.1875,69.90625,70,80,2192
850729,69.53125,69.6875,69.1875,69.53125,92,2100
850730,69.5625,69.5625,69.5625,69.5625,0,1420
850731,69.875,70.0625,69.8125,70.0625,8,1412
850801,70.375,70.65625,70.34375,70.65625,26,1396
850802,69.8125,69.90625,69.59375,69.59375,25,1371
850805,69.46875,69.8125,69.28125,69.8125,191,1509
850806,69.59375,69.59375,69.59375,69.59375,0,1509
850807,69.40625,70.125,69.40625,70.125,17,1494
850808,70.875,70.875,70.875,70.875,0,1494
850809,70.78125,71.25,70.78125,71,320,1593
850812,70.90625,71,70.90625,71,6,1587
850813,70.34375,70.34375,70.34375,70.34375,0,1587
850814,70.5,70.78125,70.5,70.78125,184,1403
850815,70.875,70.875,70.5625,70.625,8,1395
850816,70.375,71.28125,70.375,71.28125,145,1374
850819,71.625,71.625,71.625,71.625,6,1373
850820,71.1875,71.8125,71.1875,71.78125,13,1370
850821,71.84375,72.1875,71.75,72.1875,21,1358
850822,72.65625,72.65625,72.25,72.25,17,1348
850823,72.15625,72.25,72.15625,72.1875,11,1354
850826,71.8125,71.9375,71.8125,71.9375,16,1354
850827,72.53125,72.53125,72.53125,72.53125,0,1354
850828,72.625,72.625,72.28125,72.28125,167,1441
850829,72.625,72.625,72.625,72.625,0,1441
850830,71.875,71.875,71.625,71.625,1,1441
850903,71.8125,71.9375,71.8125,71.9375,24,1441
850904,72.40625,72.40625,72.1875,72.34375,10,1441
850905,71.6875,71.6875,71.6875,71.6875,0,1441
850906,70.75,70.78125,69.78125,69.875,30,1452
850909,69.90625,69.90625,69.65625,69.65625,150,1602
850910,69.96875,70.03125,69.6875,69.84375,54,1597
850911,69.90625,69.90625,69.40625,69.71875,77,1597
850912,69.71875,69.71875,69.71875,69.71875,0,1597
850913,70.28125,70.71875,70.28125,70.53125,58,1612
850916,70.84375,70.84375,70.84375,70.84375,0,1612
850917,70.5,70.5,70.34375,70.34375,5,1612
850918,70.125,70.125,70.125,70.125,0,1612
850919,70.34375,70.34375,70.34375,70.34375,0,1612
850920,70.71875,70.90625,70.71875,70.8125,5,1612
850923,71.21875,71.21875,70.3125,70.3125,94,1664
850924,70.125,70.65625,70.125,70.53125,25,1639
850925,70.40625,70.8125,70.40625,70.6875,6,1639
850926,70.84375,71.125,70.71875,71.125,125,1607
850927,70.5,70.71875,70.5,70.625,123,1679
850930,70.53125,70.71875,70.3125,70.71875,112,1774
851001,70.5625,70.78125,70.5625,70.75,22,1759
851002,70.84375,71.125,70,70,39,1720
851003,70.1875,70.28125,70.15625,70.28125,3,1717
851004,69.9375,70.03125,69.9375,69.96875,19,1698
851007,69.65625,69.65625,69.65625,69.65625,0,1698
851008,69.6875,70,69.6875,69.96875,16,1693
851009,70.0625,70.15625,69.8125,69.8125,40,1703
851010,70.0625,70.28125,70.03125,70.28125,75,1686
851011,70.4375,70.4375,70.28125,70.3125,89,1677
851014,70.59375,70.59375,70.59375,70.59375,0,1677
851015,70.5,70.59375,70.5,70.59375,64,1614
851016,70.59375,70.9375,70.59375,70.9375,4,1616
851017,70.96875,71.25,70.96875,71.25,90,1611
851018,71.625,71.625,71.4375,71.4375,230,1726
851021,71.46875,71.46875,71.46875,71.46875,0,1726
851022,71.65625,72.1875,71.65625,72.03125,379,1995
851023,71.59375,71.9375,71.59375,71.875,275,2210
851024,71.6875,71.71875,71.6875,71.71875,90,2222
851025,71.40625,71.40625,71.25,71.25,118,2304
851028,70.9375,70.9375,70.9375,70.9375,0,2304
851029,71.34375,72.34375,71.3125,72.34375,124,2414
851030,73.34375,73.46875,72.9375,73,325,2691
851031,72.875,73.125,72.8125,73.09375,61,2733
851101,73.34375,73.40625,73.28125,73.28125,0,2733
851104,73.375,73.375,73.375,73.375,0,2733
851105,73.8125,73.8125,73.71875,73.75,2,2732
851106,74.15625,74.15625,73.6875,73.6875,36,2731
851107,73.8125,73.90625,73.59375,73.875,377,2711
851108,74,74.40625,73.90625,74.40625,122,2711
851111,74.40625,74.4375,74.34375,74.34375,159,2868
851112,74.71875,75.5625,74.71875,75.5625,448,2973
851113,75.3125,75.8125,75.3125,75.34375,1041,2817
851114,74.96875,75.21875,74.96875,75.0625,1471,3823
851115,74.5625,74.875,74.5625,74.875,669,3154
851118,75.4375,76.21875,75.4375,76.21875,896,3856
851119,76.84375,76.84375,76.1875,76.34375,2363,4757
851120,76.28125,76.34375,76.03125,76.34375,620,5061
851121,77.09375,77.25,76.8125,76.8125,1412,3858
851122,76.65625,76.71875,76.125,76.125,1088,4783
851125,75.84375,76.125,75.84375,75.96875,103,4783
851126,76.1875,76.3125,76.1875,76.1875,266,4680
851127,76.0625,76.75,76.0625,76.625,545,4857
851129,77.0625,77.09375,76.875,76.9375,27,4892
851202,77.375,77.375,75.875,75.90625,406,5256
851203,75.84375,75.84375,75.4375,75.75,242,5138
851204,75.9375,76.25,75.75,76.25,149,5191
851205,76.03125,76.25,76,76.09375,181,5273
851206,75.71875,76.375,75.71875,76.125,57,5292
851209,76.75,77.5625,76.71875,77.53125,1383,4692
851210,78,78.375,78,78.1875,608,5083
851211,78.53125,79.28125,78.53125,79.09375,899,4692
851212,79.03125,79.46875,78.78125,78.78125,2427,5393
851213,79.40625,79.78125,79.40625,79.78125,2816,6214
851216,79.96875,81.0625,79.96875,80.90625,1419,5837
851217,81.625,82.125,81.625,81.75,825,5870
851218,81.59375,81.59375,80.6875,80.90625,515,5640
851219,80.375,81.25,80.3125,81.1875,388,5589
851220,80.84375,82.40625,80.84375,82.03125,712,5661
851223,81.84375,82.09375,81.84375,81.84375,100,5729
851224,82.125,82.15625,81.9375,81.9375,150,5694
851226,82.25,82.5,81.875,81.875,62,5697
851227,82.4375,82.59375,82.1875,82.25,476,5758
851230,82.25,82.25,81.875,81.90625,247,5935
851231,82.03125,82.03125,81.90625,81.9375,219,5871
860102,81.5,81.96875,81.5,81.59375,316,5877
860103,81.34375,81.625,81.28125,81.34375,501,5772
860106,81.34375,81.53125,81.3125,81.3125,220,5611
860107,81.75,82.40625,81.75,82.40625,280,5593
860108,82.375,82.5,80.71875,80.71875,363,5638
860109,80,80.03125,79.5625,79.9375,232,5674
860110,80,80.125,79.5,79.5,10,5669
860113,78.65625,78.875,78.125,78.125,46,5628
860114,78.625,78.90625,78.53125,78.78125,2123,5297
860115,79.125,79.65625,78.78125,79.46875,167,5267
860116,79.6875,79.6875,79,79.53125,121,5250
860117,80.125,80.21875,79.75,79.84375,102,5230
860120,78.9375,79.6875,78.9375,79.6875,162,5155
860121,80.03125,80.25,79.75,80,97,5148
860122,80.15625,80.1875,79.40625,79.4375,81,5166
860123,79.3125,79.78125,79.28125,79.75,97,5125
860124,79.46875,79.71875,79.46875,79.71875,400,5126
860127,80.21875,80.78125,80.1875,80.78125,341,5230
860128,81.125,81.625,81.03125,81.59375,240,5149
860129,81.625,82,81.28125,81.28125,274,5308
860130,81.375,81.4375,81.03125,81.0625,47,5362
860131,81.1875,81.90625,81.1875,81.53125,160,5313
860203,81.875,82.53125,81.6875,82.4375,294,5352
860204,83.03125,83.53125,82.9375,83.15625,658,5635
860205,83.15625,83.5,82.46875,82.53125,137,5654
860206,82.5625,82.5625,81,81.71875,3427,4832
860207,80.84375,81.25,80.40625,81.15625,603,4831
860210,81.3125,81.875,81.21875,81.875,885,4558
860211,82.28125,82.53125,82.125,82.5,904,4798
860212,82.21875,82.8125,82.21875,82.625,114,4757
860213,83,83.25,82.9375,83.25,560,4691
860214,84.25,84.6875,84.0625,84.6875,348,4506
860218,84.8125,85.40625,84.40625,85.375,254,4450
860219,84.8125,85.5625,84.78125,84.8125,931,4181
860220,84.71875,85.03125,84.4375,85.03125,669,3754
860221,85.625,86.96875,85.625,86.84375,681,3722
860224,87.09375,88.84375,86.84375,88.28125,593,3733
860225,88.03125,88.53125,88,88.4375,145,3683
860226,88.3125,89.375,88.3125,89.375,636,3527
860227,90.28125,91.375,90.25,91.375,920,3649
860228,94.3125,94.3125,91.625,92.1875,167,3458
860303,91.90625,93.6875,91.90625,93.59375,64,3483
860304,94.9375,95.28125,93.90625,93.96875,284,3370
860305,93.125,93.625,91.96875,91.96875,360,3027
860306,94.15625,94.15625,91.875,91.875,115,3075
860307,91.8125,92.375,90.9375,92.28125,195,2973
860310,93.75,94.65625,93.75,94.5,39,2985
860311,95.15625,95.5625,94.9375,95.03125,283,2925
860312,95.625,95.71875,94.34375,95.25,411,2799
860313,94.15625,94.5625,93.46875,94.5625,39,2792
860314,95.125,95.84375,94.53125,94.90625,240,2774
860317,94.375,94.625,94.21875,94.46875,129,2740
860318,93.46875,94.8125,93.1875,93.75,145,2738
860319,93.53125,94.3125,93.53125,94.1875,167,2755
860320,94.75,94.75,94.40625,94.5625,1171,3565
860321,94.9375,95.15625,94.125,94.15625,2886,4702
860324,94.84375,95.375,94.65625,95.3125,829,5347
860325,95.28125,95.6875,95.09375,95.25,141,5385
860326,96.03125,96.34375,95.53125,96.34375,95,5386
860327,97.65625,98.34375,97.65625,98.34375,598,5488
860331,99.34375,100.4375,99.34375,100.4375,217,5309
860401,101.6875,102.65625,99.90625,99.90625,509,5321
860402,98.78125,100.40625,98.03125,100.34375,63,5300
860403,100.65625,101,99.59375,99.59375,122,5407
860404,99.65625,100,98.1875,98.3125,350,5550
860407,97.375,98.5625,97.09375,97.8125,391,5762
860408,99.25,99.8125,99.25,99.8125,211,5883
860409,102,102,100.46875,100.96875,122,5890
860410,101.5625,101.65625,101.03125,101.125,2,5888
860411,101.6875,101.6875,100.09375,100.09375,1480,5786
860414,100.59375,101.40625,100.5625,101.34375,680,5678
860415,101.03125,101.28125,100.4375,100.4375,796,5037
860416,102,102.4375,102,102.4375,429,5009
860417,102.6875,102.9375,101.78125,102.1875,234,5005
860418,102.15625,102.1875,101.3125,101.3125,334,4980
860421,101.125,101.75,101.125,101.5,26,4975
860422,102.0625,102.0625,99.5,99.5,596,4467
860423,97.46875,98.78125,97,97.78125,64,4470
860424,97.78125,97.78125,96.09375,96.09375,492,4290
860425,96.71875,96.90625,95.59375,95.8125,200,4143
860428,96.625,97.40625,96.21875,97.28125,152,4155
860429,98,98.4375,97.625,98.4375,425,4166
860430,98.4375,98.75,97.875,98.40625,448,4056
860501,98.21875,98.21875,97.40625,97.4375,292,4056
860502,96.6875,96.75,96.34375,96.46875,92,3972
860505,96.59375,98.46875,96.59375,98.46875,22,3974
860506,98.21875,98.875,98.03125,98.15625,4,3974
860507,97.3125,97.90625,97.125,97.78125,101,3966
860508,98.28125,98.40625,98.28125,98.3125,17,3973
860509,97.03125,97.4375,96.3125,96.78125,1791,3266
860512,95,95.375,94.78125,94.78125,133,3336
860513,93.6875,95.8125,93.6875,95.59375,46,3333
860514,96,96.46875,95.09375,95.4375,125,3273
860515,95.40625,95.40625,93.125,93.4375,129,3292
860516,93.1875,93.4375,92.4375,92.625,123,3250
860519,93.15625,93.625,92.4375,92.5,237,3411
860520,91.5,93.9375,91.375,93.9375,191,3416
860521,94.53125,94.625,93.5,93.59375,68,3399
860522,94.03125,94.34375,93.5,93.8125,258,3475
860523,94.0625,94.625,94.0625,94.625,20,3480
860527,95.3125,95.78125,95,95.78125,83,3484
860528,95.5,95.96875,95.15625,95.3125,1714,4065
860529,94.3125,94.5,93.3125,93.3125,1031,3990
860530,92.3125,92.9375,91.3125,91.5625,278,4048
860602,91.6875,92.125,89.4375,89.625,1923,4032
860603,90.28125,91.09375,89.1875,91.09375,1183,4519
860604,91.53125,91.6875,89.09375,89.15625,838,5009
860605,89.34375,90.46875,89.09375,90.03125,292,5140
860606,91.375,92.03125,91.0625,92.03125,195,5181
860609,92.46875,92.59375,89.28125,89.84375,191,5218
860610,89.65625,90.34375,89.1875,90.34375,186,5052
860611,90.375,91.28125,89.34375,91.28125,169,5050
860612,91.5,91.9375,90.8125,91.1875,259,4839
860613,92.1875,93.1875,92.1875,93.1875,51,4854
860616,93.625,95.3125,93.59375,94.9375,136,4921
860617,95.84375,95.84375,94.75,95.25,190,4902
860618,95.0625,95.625,95,95.1875,136,4870
860619,94.65625,94.6875,93.78125,93.78125,50,4866
860620,93.5,95.65625,93.375,95.53125,12,4865
860623,95.21875,96.59375,95.15625,96.40625,59,4869
860624,96.78125,97.15625,96.21875,96.71875,253,4828
860625,97.5,97.875,96.5625,96.5625,135,4855
860626,96.28125,97.25,96.125,96.8125,152,4872
860627,97.65625,97.8125,97.125,97.5625,430,5026
860630,98,98.125,97.71875,97.96875,59,5013
860701,98.25,98.3125,97.21875,97.71875,132,5055
860702,97.1875,97.84375,96.9375,97.75,16,5043
860703,97.65625,98.90625,97.65625,98.90625,74,5026
860707,99.15625,99.15625,98.4375,98.46875,528,5023
860708,97.90625,97.90625,96.59375,96.59375,340,5015
860709,96.8125,98.1875,96.8125,98.125,1055,5017
860710,98.5625,98.71875,97.5625,98.03125,2113,5006
860711,97.53125,98.21875,96.96875,97.75,2550,5197
860714,97.875,98.875,97.4375,98.8125,2293,5345
860715,98.8125,99.5625,98.34375,99.53125,547,5433
860716,99.03125,100,98.65625,98.65625,1245,5471
860717,98.46875,98.8125,97.625,98.125,2889,5339
860718,98.0625,98.46875,97.65625,98.25,248,5327
860721,98.4375,98.5,98.0625,98.4375,82,5278
860722,97.53125,97.75,97,97.125,524,5015
860723,95.8125,96.375,95.71875,96.09375,1828,5712
860724,96.0625,96.1875,94.96875,95.0625,2549,5755
860725,95.5625,95.59375,94.96875,95.3125,89,5725
860728,94.5625,94.75,93.3125,93.3125,238,5646
860729,93.65625,94.8125,93.4375,94.78125,625,5730
860730,94.625,95.375,94.28125,95.3125,399,5934
860731,95.59375,96.28125,95.0625,96.15625,166,5921
860801,96.09375,96.3125,95.1875,95.6875,203,5934
860804,95.125,96.09375,95,96.09375,40,5919
860805,94.78125,95.375,94.75,94.875,48,5925
860806,94.84375,94.90625,94.125,94.53125,102,5947
860807,93.96875,95.5625,93.84375,95.5,308,5999
860808,95.5625,97.5,95.5625,97.46875,375,5984
860811,97.78125,98.40625,97.71875,98.1875,1906,5798
860812,98.59375,98.71875,97.875,98.125,808,5760
860813,98.15625,99.375,97.8125,99.3125,1744,6336
860814,99.0625,99.59375,98.84375,99.0625,676,6401
860815,99.34375,99.53125,98.96875,99.09375,919,6402
860818,98.8125,99.46875,98.4375,99.40625,165,6351
860819,100.0625,100.6875,100.0625,100.5,529,6524
860820,100.65625,101.0625,100.15625,100.6875,314,6596
860821,100.1875,100.875,99.9375,100.125,769,6656
860822,98.90625,99.4375,98.6875,99.0625,375,6793
860825,98.90625,99.59375,98.8125,99.5625,865,7310
860826,99.8125,100.6875,99.78125,100.6875,1252,7728
860827,99.875,100.5625,99.40625,99.40625,2747,9087
860828,99.5625,100.9375,99.5625,99.96875,1406,9473
860829,100.875,101,100.40625,100.8125,1057,9569
860902,100.53125,100.71875,98.8125,98.8125,2306,10246
860903,97.71875,98.0625,96.46875,97.1875,3947,10705
860904,97.46875,97.875,96.625,97.1875,2695,11101
860905,96.3125,96.40625,95.21875,95.53125,4808,12310
860908,94.59375,95.6875,94.59375,94.78125,2427,12732
860909,95.75,95.9375,95.28125,95.59375,1616,12585
860910,95.78125,96,95.34375,95.6875,2171,12856
860911,94.625,94.875,93.6875,93.6875,1078,12707
860912,94.59375,94.71875,91.96875,92.59375,11866,14165
860915,93.3125,93.875,93.15625,93.625,2117,13854
860916,93,93.96875,92.75,93.6875,1641,13633
860917,93.78125,94.5625,93.78125,94.375,2493,14085
860918,94.78125,94.90625,92.6875,92.78125,3890,14036
860919,92.5,92.5625,91.125,91.59375,4899,16100
860922,91.96875,92.78125,91.6875,92.65625,1767,16368
860923,93.5,93.84375,92.5625,93,1550,16463
860924,92.78125,94.8125,92.75,94.71875,2106,16310
860925,94.9375,95.3125,93.84375,94.28125,2054,16227
860926,93.40625,94.90625,93.1875,94.6875,2454,15953
860929,93,94.03125,93,93.90625,2159,16200
860930,94.21875,95.6875,94.21875,95.65625,5215,18303
861001,95.8125,96.40625,95.3125,95.75,4751,19489
861002,95.46875,95.59375,95.0625,95.21875,2934,21154
861003,96.375,96.75,95.59375,96.21875,2454,20539
861006,96.46875,96.5625,96.0625,96.15625,1985,20974
861007,96.25,96.4375,95.5625,96.40625,1465,21284
861008,95.78125,96.625,95.15625,95.65625,2105,21848
861009,95.28125,95.875,95.0625,95.78125,2835,23631
861010,95.46875,95.5,94.96875,95.25,309,23640
861013,94.40625,95.1875,94.375,95.15625,528,23915
861014,94.96875,95.4375,93.75,93.8125,2415,24033
861015,93.875,94.34375,93.375,94.28125,1867,24155
861016,94.375,94.46875,93.71875,93.75,1125,24462
861017,93.5625,93.84375,93.25,93.65625,2100,24386
861020,92.875,93.0625,92.65625,92.75,1863,24585
861021,93.25,93.875,93.1875,93.75,3084,25021
861022,93.09375,94.8125,92.90625,94.6875,3706,25204
861023,94.90625,95.53125,94.6875,95.375,4565,25147
861024,94.96875,95.28125,94.90625,95,2062,25066
861027,94.65625,95.75,94.65625,95.65625,2511,23949
861028,95.8125,95.84375,95.1875,95.3125,2090,24641
861029,94.84375,96.53125,94.84375,96.21875,4442,24137
861030,97.4375,97.78125,96.625,97.25,6175,23317
861031,97.1875,97.4375,96.6875,97.1875,3353,24238
861103,97.28125,98.21875,97.28125,97.75,3369,25099
861104,97.25,98,97.1875,97.71875,4714,26418
861105,97.75,98,97.34375,97.6875,14012,32177
861106,97.40625,97.40625,96.25,96.375,5355,33229
861107,95.4375,96.03125,95.0625,95.375,10365,36320
861110,94.78125,95.6875,94.6875,95.65625,13688,37369
861111,95.6875,95.75,95.46875,95.53125,3235,35645
861112,95.5625,96.09375,95.21875,96.03125,6839,37569
861113,96.15625,96.65625,96.0625,96.375,7850,38951
861114,96.1875,97.40625,96.1875,97.28125,9240,39666
861117,97.28125,98.59375,97,98.4375,14694,43498
861118,98.09375,98.4375,97.46875,97.65625,11298,46153
861119,98.03125,98.96875,98.03125,98.9375,17313,53132
861120,98.9375,99.3125,98.28125,98.625,17090,54435
861121,98.8125,99.1875,98.5625,98.75,15135,57285
861124,98.9375,99.53125,98.875,99.375,15285,60218
861125,99.6875,99.78125,98.3125,98.46875,31192,67900
861126,98.375,98.75,98.03125,98.6875,29820,81687
861128,98.625,98.875,98.59375,98.75,13894,83680
861201,98.21875,98.5,97.75,98.4375,61306,107570
861202,98.6875,99.84375,98.5625,99.84375,244610,130940
861203,100.375,100.65625,100.03125,100.125,191794,141500
861204,100.28125,100.9375,100,100.65625,195268,147012
861205,100.46875,100.46875,98.6875,98.75,287810,148686
861208,98.9375,99.59375,98.1875,99.53125,243536,155081
861209,99.59375,99.75,99.125,99.34375,172631,157055
861210,99.1875,100,99.03125,99.9375,140522,160420
861211,99.59375,99.75,98.53125,98.75,200640,164305
861212,98.40625,99.3125,98.1875,98.8125,204155,166640
861215,98.0625,98.875,97.78125,98.78125,171472,168775
861216,99.1875,99.59375,98.9375,99.15625,167227,167995
861217,99.28125,99.46875,99.0625,99.25,88919,174501
861218,99.625,99.90625,99.15625,99.34375,145436,177152
861219,99.15625,99.78125,99.09375,99.75,85743,179447
861222,99.28125,100.1875,99.1875,100.09375,83820,185418
861223,100.125,100.625,100.125,100.3125,75034,181496
861224,100.3125,100.46875,100.21875,100.375,12214,177047
861226,100.25,100.375,100.1875,100.25,6953,176447
861229,99.96875,99.96875,98.9375,99.03125,97969,180235
861230,98.75,98.8125,98.375,98.5625,108593,178230
861231,98.84375,98.875,98.125,98.1875,60128,177113
870102,98.28125,100,98.28125,99.90625,101209,179663
870105,100.125,100.625,99.90625,100.5625,167426,184913
870106,100.5625,100.75,100.125,100.5,156624,187234
870107,100.1875,101.0625,100.0625,101,192477,195052
870108,101.46875,101.59375,101.0625,101.125,201202,196945
870109,101.40625,101.6875,100.375,101.59375,249560,198857
870112,101.3125,101.59375,100.8125,101.03125,211770,198107
870113,100.375,100.8125,100.25,100.5625,207845,199638
870114,100.15625,100.90625,99.8125,100.09375,290260,202255
870115,100.46875,100.6875,99.875,100.1875,196846,202534
870116,100.59375,101.15625,100.46875,101.125,187917,209075
870119,100.78125,101.78125,100.5,101.5,75642,207553
870120,101.4375,102.03125,101.375,101.53125,192561,207325
870121,101.46875,101.78125,101.21875,101.46875,169692,204148
870122,101.375,101.46875,100.78125,101.375,225304,208852
870123,101.03125,101.625,100.125,100.375,258572,212422
870126,100.28125,100.28125,99.28125,99.46875,224219,214435
870127,99.59375,99.78125,99.1875,99.625,196250,217310
870128,99.46875,100.25,99.28125,100.1875,228928,215791
870129,100.46875,100.5,100.09375,100.125,134233,217720
870130,100.59375,100.65625,99.5,99.6875,212527,224271
870202,99.3125,99.46875,98.90625,99.34375,193324,230559
870203,99.09375,99.5,99.0625,99.25,171046,227274
870204,99.375,99.6875,99.25,99.5625,156484,230601
870205,99.65625,100.65625,99.625,100.625,255220,229110
870206,100.6875,100.875,100.25,100.53125,186274,221782
870209,100.28125,100.28125,99.40625,99.59375,237856,226794
870210,99.375,99.375,98.375,98.78125,307943,225296
870211,98.84375,99.0625,98.09375,98.4375,280595,221616
870212,98.65625,99.375,98.65625,99.34375,221258,221424
870213,99.53125,99.8125,99.375,99.5,184918,211828
870217,98.78125,99.375,98.53125,99.34375,165685,200041
870218,99.34375,100,99.3125,99.875,208246,195679
870219,100.625,100.71875,100.09375,100.25,252698,194212
870220,100.1875,100.5625,100.0625,100.3125,138873,171404
870223,100.1875,100.6875,99.90625,100.65625,173520,166627
870224,100.84375,101.46875,100.78125,101.25,227697,165163
870225,101.125,101.375,100.875,100.96875,192703,147248
870226,101.0625,101.4375,100.71875,101.09375,230384,130078
870227,101.3125,101.78125,101.21875,101.4375,180816,123287
870302,101.8125,102.0625,101.625,101.8125,32159,108873
870303,101.625,101.71875,101.28125,101.34375,37912,89677
870304,101.25,102.5625,101.1875,102.46875,28967,79103
870305,102.53125,102.65625,102.15625,102.28125,28804,67579
870306,101.78125,101.875,101.25,101.375,23865,60048
870309,101.25,101.4375,100.9375,101.34375,19361,54634
870310,101.375,101.53125,101.1875,101.25,11370,48580
870311,101.03125,101.40625,100.78125,101.21875,14660,43389
870312,101.3125,101.65625,101.25,101.5,9077,39279
870313,101.875,102,101.65625,101.84375,10430,33970
870316,101.65625,101.8125,101.53125,101.65625,9940,29829
870317,101.40625,102.03125,101.34375,102.03125,12268,23793
870318,102.25,102.375,101.90625,101.90625,7803,20817
870319,101.78125,102.34375,101.75,102.03125,7803,18524
870320,102.0625,102.34375,102,102.25,9352,14759
