850321,63.25,63.59375,63.125,63.59375,2,0
850322,63.21875,63.21875,63.21875,63.21875,0,0
850325,63.6875,63.6875,63.6875,63.6875,0,0
850326,64.0625,64.0625,64.0625,64.0625,0,0
850327,63.375,63.375,63.375,63.375,0,0
850328,63.15625,63.15625,63.15625,63.15625,0,0
850329,63.65625,63.65625,63.65625,63.65625,0,0
850401,63.46875,63.46875,63.46875,63.46875,0,0
850402,63.28125,63.28125,63.28125,63.28125,0,0
850403,63.1875,63.1875,63.1875,63.1875,0,0
850404,63.03125,63.03125,63.03125,63.03125,0,0
850408,62.8125,62.8125,62.8125,62.8125,0,0
850409,63.34375,63.34375,63.34375,63.34375,0,0
850410,63.9375,63.9375,63.9375,63.9375,0,0
850411,64.8125,64.8125,64.59375,64.59375,1,1
850412,64.53125,64.53125,64.53125,64.53125,0,1
850415,64.75,64.75,64.75,64.75,0,1
850416,65.15625,65.15625,65.15625,65.15625,0,1
850417,64.90625,64.90625,64.90625,64.90625,0,1
850418,65.5,65.5,65.5,65.5,0,1
850419,65.5,65.75,65.28125,65.40625,5,6
850422,65.5,65.5,65.5,65.5,0,6
850423,64.75,64.75,64.75,64.75,0,6
850424,64.9375,64.9375,64.9375,64.9375,0,6
850425,64.78125,64.78125,64.78125,64.78125,0,6
850426,64.8125,64.9375,64.8125,64.90625,1,7
850429,64.3125,64.3125,64.3125,64.3125,0,7
850430,64.46875,64.46875,64.46875,64.46875,0,7
850501,64.6875,64.6875,64.6875,64.6875,0,7
850502,65,65,65,65,0,7
850503,65.09375,65.09375,65.09375,65.09375,0,7
850506,65.28125,65.28125,65.28125,65.28125,0,7
850507,65.78125,65.78125,65.21875,65.21875,2,9
850508,64.5625,64.5625,64.5625,64.5625,0,9
850509,65.15625,65.15625,65.15625,65.15625,0,9
850510,66.125,66.125,66.125,66.125,0,9
850513,66.09375,66.09375,66.09375,66.09375,0,9
850514,67.25,67.25,67.03125,67.03125,2,10
850515,66.84375,66.84375,66.84375,66.84375,0,10
850516,67.40625,67.40625,67.40625,67.40625,0,10
850517,67.125,67.28125,67.125,67.28125,2,10
850520,68.5,69,68.5,68.8125,1,9
850521,68.65625,68.65625,68.65625,68.65625,0,9
850522,68.75,68.75,68.34375,68.46875,5,14
850523,68.5625,68.5625,68.5625,68.5625,0,14
850524,68.625,68.625,68.625,68.625,0,14
850528,69.6875,69.6875,69.6875,69.6875,0,14
850529,69.65625,69.65625,69.65625,69.65625,0,14
850530,70.15625,70.15625,70.15625,70.15625,0,14
850531,70.15625,70.75,70.15625,70.6875,2,15
850603,71.8125,71.8125,71.75,71.75,1,16
850604,71.53125,71.90625,71.46875,71.5625,2,15
850605,72.5625,72.5625,72.0625,72.21875,2,17
850606,71.75,71.8125,71.3125,71.3125,6,17
850607,70.3125,70.3125,69.3125,69.3125,3,20
850610,69.6875,69.6875,69.6875,69.6875,0,20
850611,70.53125,70.71875,70.3125,70.71875,9,18
850612,70.40625,70.40625,70.40625,70.40625,0,18
850613,70,70,70,70,0,18
850614,71.28125,71.28125,71.28125,71.28125,0,18
850617,71.21875,71.21875,71.21875,71.21875,0,18
850618,71.1875,71.1875,71.1875,71.1875,0,18
850619,71.0625,71.0625,70,70,1,19
850620,69.5,69.625,69.5,69.625,3,20
850621,69.03125,69.03125,69.03125,69.03125,0,20
850624,68.5625,68.5625,68.5625,68.5625,0,20
850625,68.4375,68.4375,68.4375,68.4375,0,20
850626,68.4375,68.4375,68.4375,68.4375,0,20
850627,69.3125,69.3125,69.3125,69.3125,0,20
850628,69.71875,69.71875,69.71875,69.71875,0,20
850701,69.90625,69.90625,69.90625,69.90625,0,20
850702,69.75,69.75,69.75,69.75,0,20
850703,69.59375,69.59375,69.59375,69.59375,0,20
850705,71.09375,71.09375,71.09375,71.09375,0,20
850708,70.46875,70.46875,70.46875,70.46875,0,20
850709,70.46875,70.5,70.4375,70.5,1,21
850710,70.15625,70.15625,70.15625,70.15625,0,21
850711,69.5625,69.5625,69.4375,69.5,3,21
850712,69.8125,69.8125,69.8125,69.8125,0,21
850715,69.71875,69.90625,69.71875,69.78125,5,22
850716,70.125,70.125,70.125,70.125,0,22
850717,70.40625,70.40625,70.40625,70.40625,0,22
850718,69.25,69.25,69.25,69.25,0,22
850719,69.125,69.125,69.125,69.125,0,22
850722,69,69,69,69,0,22
850723,68.90625,69.5,68.90625,69.5,4,22
850724,69.46875,69.46875,69.1875,69.1875,1,22
850725,68.78125,68.78125,68.78125,68.78125,0,22
850726,68.3125,68.3125,68.3125,68.3125,0,22
850729,67.84375,67.84375,67.84375,67.84375,0,22
850730,67.875,67.875,67.875,67.875,0,22
850731,68.34375,68.34375,68.34375,68.34375,0,22
850801,68.9375,68.9375,68.9375,68.9375,0,22
850802,67.875,67.875,67.875,67.875,0,22
850805,68,68,68,68,0,22
850806,67.78125,67.78125,67.78125,67.78125,0,22
850807,68.3125,68.3125,68.3125,68.3125,0,22
850808,69.0625,69.0625,69.0625,69.0625,0,22
850809,69.1875,69.1875,69.1875,69.1875,0,22
850812,69.1875,69.1875,69.1875,69.1875,0,22
850813,68.53125,68.53125,68.53125,68.53125,0,22
850814,68.96875,68.96875,68.96875,68.96875,0,22
850815,68.8125,68.8125,68.8125,68.8125,0,22
850816,69.40625,69.40625,69.40625,69.40625,0,22
850819,69.75,69.75,69.75,69.75,0,22
850820,69.875,69.875,69.875,69.875,0,22
850821,70.28125,70.28125,70.28125,70.28125,0,22
850822,70.34375,70.34375,70.34375,70.34375,0,22
850823,70.25,70.25,70.25,70.25,2,22
850826,70,70,70,70,0,22
850827,70.59375,70.59375,70.59375,70.59375,0,22
850828,70.34375,70.34375,70.34375,70.34375,0,22
850829,70.6875,70.6875,70.6875,70.6875,0,22
850830,69.71875,69.71875,69.71875,69.71875,0,22
850903,70.03125,70.03125,70.03125,70.03125,0,22
850904,70.5625,70.5625,70.46875,70.46875,50,72
850905,69.8125,69.8125,69.8125,69.8125,0,72
850906,68.53125,68.53125,67.96875,68,80,45
850909,67.78125,67.78125,67.78125,67.78125,0,45
850910,67.96875,67.96875,67.96875,67.96875,0,45
850911,67.84375,67.84375,67.84375,67.84375,0,45
850912,67.8125,67.8125,67.8125,67.8125,0,45
850913,68.625,68.625,68.625,68.625,0,45
850916,69,69,68.90625,68.9375,1,45
850917,68.4375,68.4375,68.4375,68.4375,0,45
850918,68.21875,68.21875,68.21875,68.21875,0,45
850919,68.4375,68.4375,68.4375,68.4375,0,45
850920,68.84375,68.9375,68.84375,68.84375,1,46
850923,68.96875,68.96875,68.25,68.25,1,46
850924,68.375,68.59375,68.375,68.46875,1,45
850925,68.53125,68.53125,68.53125,68.53125,0,45
850926,68.65625,69,68.5625,69,23,68
850927,68.5,68.5,68.5,68.5,0,68
850930,68.65625,68.65625,68.65625,68.65625,0,68
851001,68.6875,68.6875,68.6875,68.6875,0,68
851002,67.9375,67.9375,67.9375,67.9375,0,68
851003,68.21875,68.21875,68.21875,68.21875,0,68
851004,67.90625,67.90625,67.90625,67.90625,0,68
851007,67.59375,67.59375,67.59375,67.59375,0,68
851008,67.9375,67.9375,67.9375,67.9375,0,68
851009,67.8125,67.8125,67.8125,67.8125,0,68
851010,67.90625,68.3125,67.90625,68.3125,1,69
851011,68.375,68.375,68.375,68.375,0,69
851014,68.625,68.625,68.625,68.625,0,69
851015,68.53125,68.53125,68.53125,68.53125,0,69
851016,68.875,68.875,68.875,68.875,0,69
851017,69,69.15625,69,69.15625,2,71
851018,69.34375,69.34375,69.34375,69.34375,0,71
851021,69.3125,69.3125,69.3125,69.3125,0,71
851022,69.9375,70.03125,69.875,69.90625,1,71
851023,69.46875,69.8125,69.46875,69.75,37,83
851024,69.59375,69.59375,69.59375,69.59375,0,83
851025,69.125,69.125,69.125,69.125,0,83
851028,68.8125,68.8125,68.8125,68.8125,0,83
851029,70.1875,70.1875,70.1875,70.1875,0,83
851030,70.875,71.15625,70.8125,70.8125,70,150
851031,70.90625,70.90625,70.90625,70.90625,0,150
851101,71.09375,71.09375,71.09375,71.09375,0,150
851104,71.1875,71.1875,71.1875,71.1875,0,150
851105,71.5625,71.5625,71.5625,71.5625,0,150
851106,71.96875,71.96875,71.5,71.5,10,150
851107,71.6875,71.6875,71.6875,71.6875,0,150
851108,72.21875,72.21875,72.21875,72.21875,0,150
851111,72.15625,72.15625,72.15625,72.15625,0,150
851112,72.9375,73.4375,72.9375,73.4375,68,150
851113,73.4375,73.625,73.34375,73.34375,91,150
851114,73.15625,73.21875,73.0625,73.0625,25,160
851115,72.65625,73,72.65625,73,13,170
851118,74.0625,74.34375,73.90625,74.34375,21,162
851119,74.78125,74.875,74.3125,74.53125,25,187
851120,74.375,74.53125,74.28125,74.53125,41,225
851121,75.125,75.75,75.125,75.15625,184,273
851122,75.15625,75.15625,74.40625,74.40625,10,276
851125,74.28125,74.40625,74.25,74.25,3,276
851126,74.4375,74.53125,74.4375,74.5,2,277
851127,74.90625,75.0625,74.90625,74.90625,3,277
851129,75.15625,75.15625,75.15625,75.15625,0,277
851202,75.28125,75.28125,74.09375,74.09375,82,215
851203,73.46875,73.875,73.46875,73.875,1,215
851204,74.09375,74.375,73.875,74.375,7,219
851205,74.125,74.125,74.125,74.125,0,219
851206,74.53125,74.53125,73.90625,74.25,9,216
851209,75.1875,75.6875,75.1875,75.6875,2,217
851210,76.375,76.53125,76.28125,76.3125,3,218
851211,76.875,77.40625,76.75,77.125,45,222
851212,77.09375,77.5,76.875,77,1,222
851213,77.96875,78.34375,77.96875,78.34375,7,223
851216,78.5625,79.59375,78.5625,79.59375,31,227
851217,80.5,80.75,80.46875,80.53125,133,222
851218,79.90625,79.90625,79.5625,79.5625,39,222
851219,79.125,79.84375,79.125,79.84375,4,226
851220,79.84375,80.875,79.375,80.8125,108,275
851223,80.6875,80.6875,80.6875,80.6875,0,275
851224,80.71875,80.71875,80.71875,80.71875,0,275
851226,81.125,81.21875,80.46875,80.46875,10,273
851227,81.1875,81.1875,80.8125,80.84375,2,275
851230,80.8125,80.8125,80.375,80.375,11,277
851231,80.40625,80.4375,80.34375,80.34375,380,498
860102,79.90625,79.90625,79.90625,79.90625,0,498
860103,79.6875,79.84375,79.59375,79.59375,10,498
860106,79.71875,79.71875,79.59375,79.59375,54,459
860107,80.59375,80.59375,80.59375,80.59375,0,459
860108,80.6875,80.78125,79.03125,79.03125,1,459
860109,77.96875,78.25,77.96875,78.25,2,461
860110,77.8125,77.8125,77.8125,77.8125,0,461
860113,76.9375,77.0625,76.4375,76.4375,2,459
860114,77.15625,77.1875,77.0625,77.0625,13,464
860115,77.21875,77.9375,77.125,77.6875,21,474
860116,77.8125,77.8125,77.25,77.71875,5,474
860117,78.03125,78.3125,77.9375,77.96875,3,473
860120,77.21875,77.8125,77.21875,77.8125,2,475
860121,78.125,78.125,78.125,78.125,0,475
860122,78.5625,78.5625,77.46875,77.46875,5,475
860123,77.78125,77.78125,77.78125,77.78125,0,475
860124,77.6875,77.75,77.53125,77.75,6,473
860127,78.6875,78.90625,78.6875,78.90625,2,473
860128,79.21875,79.75,79.21875,79.71875,2,473
860129,80,80.1875,79.53125,79.53125,134,583
860130,79.5625,79.65625,79.25,79.25,27,560
860131,79.375,80.15625,79.375,79.75,2,560
860203,80.21875,80.75,80.21875,80.71875,7,557
860204,81.4375,82.0625,81.4375,81.625,104,660
860205,81.78125,81.9375,80.90625,80.90625,13,667
860206,80.78125,80.78125,79.53125,79.9375,154,670
860207,79,79.4375,78.9375,79.4375,56,622
860210,79.8125,80.09375,79.8125,80.0625,28,595
860211,80.46875,80.625,80.375,80.5625,28,567
860212,80.4375,80.78125,80.375,80.625,34,539
860213,81.1875,81.34375,80.9375,81.34375,69,483
860214,82.15625,82.75,82.15625,82.75,2,483
860218,83.09375,83.65625,82.65625,83.65625,33,458
860219,83.625,83.65625,83.09375,83.09375,135,521
860220,83.21875,83.25,82.84375,83.25,102,619
860221,84.125,85.21875,84.125,85.1875,53,598
860224,85.25,87.1875,85.1875,86.875,246,585
860225,87,87.28125,86.78125,87.125,356,650
860226,86.9375,88.15625,86.9375,88.15625,527,971
860227,90.15625,90.15625,89.9375,90.15625,408,1091
860228,91.8125,91.8125,90.53125,90.90625,53,1110
860303,92.28125,92.28125,91.9375,92.28125,80,1176
860304,93.59375,93.96875,92.625,92.6875,236,1328
860305,91.8125,92.25,90.6875,90.6875,107,1278
860306,92.6875,92.6875,90.46875,90.46875,349,1353
860307,89.46875,90.75,89.46875,90.75,123,1345
860310,92.09375,93.125,92.09375,93.09375,208,1346
860311,94.15625,94.1875,93.5,93.625,71,1307
860312,93.34375,93.9375,93.34375,93.84375,220,1418
860313,92.28125,93.0625,92.1875,93.0625,28,1416
860314,93.40625,93.40625,93.40625,93.40625,0,1416
860317,94.03125,94.03125,92.625,92.90625,5,1417
860318,91.8125,93.0625,91.8125,92.125,1,1418
860319,91.84375,92.59375,91.84375,92.53125,6,1424
860320,92.96875,93.125,92.8125,92.84375,255,1240
860321,93.21875,93.46875,92.46875,92.46875,8,1232
860324,93.4375,93.59375,93.25,93.59375,69,1168
860325,93.71875,93.71875,93.5,93.5625,15,1168
860326,94,94.71875,93.9375,94.71875,16,1174
860327,96,96.71875,96,96.71875,55,1189
860331,97.03125,98.9375,97.03125,98.9375,51,1175
860401,100,101.3125,98.3125,98.3125,642,1364
860402,97.21875,98.9375,96.5625,98.9375,30,1363
860403,98.46875,98.8125,98.125,98.125,6,1363
860404,98.125,98.125,96.5625,96.5625,21,1356
860407,95.8125,96.53125,95.4375,95.96875,92,1422
860408,97.75,97.96875,97.46875,97.96875,142,1442
860409,100.3125,100.3125,98.625,99.09375,62,1449
860410,98.84375,99.6875,98.84375,99.25,200,1424
860411,99.625,99.6875,98.15625,98.15625,277,1410
860414,99.25,99.34375,98.71875,99.34375,290,1408
860415,99.34375,99.34375,98.59375,98.59375,260,1463
860416,100,100.59375,99.84375,100.59375,167,1564
860417,100.46875,100.625,99.90625,100.21875,206,1476
860418,99.90625,100,99.4375,99.4375,4,1476
860421,99,99.78125,99,99.65625,189,1478
860422,100.09375,100.09375,97.65625,97.65625,31,1471
860423,95.3125,96.9375,95.3125,96,68,1456
860424,95,95.125,94.09375,94.09375,694,1772
860425,95.21875,95.25,93.65625,93.90625,34,1768
860428,94.84375,95.28125,94.28125,95.28125,415,1486
860429,96.1875,96.46875,95.6875,96.46875,172,1449
860430,96.40625,96.625,95.96875,96.4375,381,1336
860501,95.78125,95.9375,95.46875,95.46875,6,1336
860502,94.5,94.5,94.5,94.5,0,1336
860505,95.46875,96.5,95.46875,96.5,6,1332
860506,96.1875,96.1875,96.1875,96.1875,0,1332
860507,95.28125,95.90625,95.28125,95.8125,17,1315
860508,96.375,96.4375,96.09375,96.34375,21,1299
860509,95.15625,95.375,94.6875,94.8125,79,1246
860512,93.03125,93.4375,92.8125,92.8125,121,1182
860513,93.625,93.625,93.625,93.625,0,1182
860514,94.46875,94.46875,93.125,93.375,101,1179
860515,93,93.0625,91.15625,91.375,34,1176
860516,90.6875,91.0625,90.40625,90.5625,19,1172
860519,91.53125,91.53125,90.53125,90.53125,12,1160
860520,89.5625,92.09375,89.3125,92.0625,223,1188
860521,92,92.59375,91.625,91.71875,59,1207
860522,92.28125,92.28125,91.59375,91.90625,2,1205
860523,92.1875,92.65625,92.1875,92.65625,9,1200
860527,93.3125,93.71875,93.03125,93.71875,4,1200
860528,93.71875,93.8125,93.15625,93.15625,61,1189
860529,92.09375,92.3125,91.15625,91.15625,125,1174
860530,89.9375,90.6875,89.4375,89.5,13,1175
860602,89.96875,89.96875,87.5625,87.5625,25,1160
860603,88.25,89.125,87.03125,89.125,541,1266
860604,89.3125,89.3125,87.125,87.1875,15,1266
860605,88.0625,88.0625,88.0625,88.0625,0,1266
860606,89.5,90.0625,89.28125,90.0625,9,1259
860609,90.3125,90.53125,87.40625,87.875,1,1259
860610,87.96875,88.34375,87.375,88.28125,45,1271
860611,87.78125,89.1875,87.34375,89.1875,2,1273
860612,89.09375,89.09375,89.09375,89.09375,0,1273
860613,90.03125,91.09375,90.03125,91.09375,7,1266
860616,93.09375,93.21875,92.90625,92.96875,2,1266
860617,93.90625,93.90625,92.84375,93.28125,251,1283
860618,93.375,93.59375,92.96875,93.21875,34,1267
860619,92.6875,92.6875,91.8125,91.8125,15,1269
860620,92.71875,93.625,92.5625,93.5625,9,1270
860623,93.40625,94.625,93.40625,94.4375,3,1270
860624,94.59375,95.1875,94.21875,94.75,7,1271
860625,96,96,94.5,94.53125,56,1268
860626,94.375,95.1875,94.375,94.75,31,1288
860627,95.125,95.4375,95.125,95.4375,1,1288
860630,95.90625,95.96875,95.6875,95.8125,2,1287
860701,95.28125,95.625,95.21875,95.5625,7,1286
860702,95.59375,95.59375,95.59375,95.59375,0,1286
860703,95.71875,96.65625,95.71875,96.65625,10,1281
860707,96.875,96.875,96.09375,96.15625,3,1280
860708,95.46875,95.46875,94.28125,94.28125,4,1280
860709,94.96875,95.875,94.96875,95.875,12,1280
860710,96.40625,96.40625,95.25,95.71875,24,1282
860711,95.53125,95.71875,94.90625,95.5625,16,1288
860714,96.40625,96.71875,96.25,96.625,9,1292
860715,96.5625,97.46875,96.40625,97.46875,2,1292
860716,97.03125,97.90625,96.59375,96.59375,44,1310
860717,96.65625,96.65625,95.6875,96.0625,11,1311
860718,96.34375,96.34375,95.625,96.0625,6,1310
860721,96.375,96.375,96.375,96.375,0,1310
860722,95.34375,95.59375,94.96875,94.96875,5,1310
860723,93.90625,94.125,93.5625,93.9375,23,1310
860724,94,94,92.78125,92.90625,24,1302
860725,93.125,93.1875,92.84375,93.0625,6,1307
860728,92.3125,92.3125,91.0625,91.0625,136,1410
860729,91.65625,92.46875,91.1875,92.4375,226,1520
860730,92.3125,92.96875,92.21875,92.96875,15,1518
860731,92.84375,93.875,92.84375,93.8125,4,1516
860801,92.90625,93.4375,92.90625,93.34375,2,1516
860804,93.75,93.75,93.75,93.75,0,1516
860805,92.53125,92.53125,92.53125,92.53125,0,1516
860806,92.1875,92.1875,92.1875,92.1875,0,1516
860807,91.625,93.15625,91.625,93.15625,4,1514
860808,94.5625,95.15625,94.5625,95.09375,78,1581
860811,95.78125,95.875,95.4375,95.78125,49,1587
860812,96.3125,96.3125,95.46875,95.71875,94,1586
860813,95.40625,96.8125,95.40625,96.8125,269,1390
860814,96.8125,97.09375,96.40625,96.59375,4,1387
860815,96.46875,96.75,96.46875,96.65625,19,1381
860818,96.25,97,96.15625,96.96875,82,1398
860819,97.71875,98.15625,97.71875,97.96875,60,1398
860820,98.1875,98.40625,97.5,98.15625,174,1388
860821,97.84375,98.3125,97.40625,97.53125,54,1389
860822,96.21875,96.53125,96.21875,96.46875,25,1379
860825,96.46875,96.875,96.375,96.875,33,1377
860826,97.34375,97.9375,97.21875,97.9375,517,1887
860827,97.46875,97.71875,96.6875,96.8125,193,1932
860828,97.5,98.09375,97.3125,97.4375,85,1939
860829,98.03125,98.28125,98.03125,98.21875,448,2148
860902,97.75,98,96.21875,96.21875,31,2157
860903,94.90625,95.46875,94.09375,94.40625,278,2076
860904,94.65625,94.9375,93.875,94.3125,487,2045
860905,92.84375,93.125,92.625,92.65625,72,2080
860908,92.34375,92.65625,91.8125,91.8125,3,2080
860909,92.71875,92.71875,92.46875,92.625,18,2091
860910,92.75,92.9375,92.53125,92.78125,5,2091
860911,91.875,91.875,90.78125,90.78125,47,2113
860912,91.78125,91.78125,89.6875,89.6875,63,2141
860915,90.75,90.8125,90.46875,90.75,277,1982
860916,90,90.9375,90,90.9375,54,1967
860917,91.1875,91.625,91.1875,91.625,29,1946
860918,91.9375,91.9375,90.15625,90.15625,23,1929
860919,89.9375,89.9375,88.625,88.84375,138,1900
860922,89.4375,90,89.3125,89.9375,41,1928
860923,91.09375,91.09375,89.9375,90.28125,166,1861
860924,91.15625,91.96875,90.84375,91.96875,181,1908
860925,92.40625,92.53125,91.3125,91.5625,43,1958
860926,90.59375,92.09375,90.59375,91.90625,391,2090
860929,90.34375,91.28125,90.34375,91.125,328,2231
860930,91.5625,92.9375,91.5,92.90625,300,2236
861001,93.25,93.5625,92.625,92.96875,140,2169
861002,92.75,92.75,92.3125,92.375,57,2158
861003,93.5,93.78125,92.90625,93.34375,99,2106
861006,93.4375,93.5625,93.28125,93.28125,9,2106
861007,93.03125,93.53125,92.75,93.53125,23,2088
861008,92.53125,93.84375,92.53125,92.875,87,2166
861009,92.40625,93.0625,92.40625,93,57,2120
861010,92.3125,92.71875,92.3125,92.5,23,2141
861013,91.9375,92.40625,91.875,92.40625,4,2142
861014,92,92.03125,91,91,51,2166
861015,90.9375,91.5,90.65625,91.5,63,2126
861016,91.53125,91.5625,90.96875,90.96875,10,2128
861017,90.59375,90.90625,90.59375,90.90625,3,2128
861020,90.125,90.25,89.9375,90,10,2128
861021,90.8125,91.0625,90.71875,90.9375,18,2126
861022,91.15625,91.90625,91.15625,91.875,2,2125
861023,92.1875,92.53125,92.0625,92.53125,35,2114
861024,92.25,92.28125,92.09375,92.15625,4,2117
861027,92.59375,92.875,92.375,92.8125,57,2146
861028,92.9375,93.0625,92.46875,92.46875,34,2131
861029,91.9375,93.625,91.9375,93.40625,143,2214
861030,94.5625,95,93.8125,94.375,347,2387
861031,94.65625,94.65625,93.90625,94.3125,80,2412
861103,94.5625,95.3125,94.5625,94.875,120,2411
861104,94.34375,95.15625,94.34375,94.90625,65,2384
861105,94.96875,95.03125,94.65625,94.90625,58,2377
861106,94.5,94.5,93.5625,93.59375,200,2252
861107,92.78125,93.15625,92.25,92.5,30,2228
861110,92.1875,93,91.9375,93,246,2225
861111,93,93,92.75,92.875,193,2287
861112,93.1875,93.28125,92.5625,93.28125,85,2338
861113,93.5625,93.8125,93.375,93.6875,174,2410
861114,94,94.75,93.8125,94.65625,117,2428
861117,94.5625,96,94.5625,95.875,214,2462
861118,95.75,95.75,94.875,94.875,298,2473
861119,95.78125,96.3125,95.625,96.21875,66,2511
861120,96.09375,96.5,95.59375,95.875,80,2499
861121,96.1875,96.40625,95.90625,96,51,2504
861124,96.53125,96.65625,96.3125,96.5625,72,2505
861125,96.8125,96.8125,95.53125,95.59375,367,2478
861126,95.3125,95.8125,95.25,95.8125,41,2485
861128,95.90625,95.90625,95.78125,95.875,29,2492
861201,94.96875,95.65625,94.96875,95.59375,84,2504
861202,95.8125,96.96875,95.8125,96.96875,1324,3223
861203,97.46875,97.625,97.15625,97.21875,636,3244
861204,97.28125,97.96875,97.1875,97.71875,360,3236
861205,97.3125,97.3125,95.8125,95.8125,81,3286
861208,96.34375,96.59375,95.375,96.59375,731,3374
861209,96.46875,96.71875,96.34375,96.34375,72,3376
861210,96.09375,97,96.09375,96.96875,142,3374
861211,96.5,96.59375,95.65625,95.75,514,3368
861212,95.5625,96.125,95.40625,95.8125,238,3342
861215,95,95.8125,94.9375,95.8125,462,3635
861216,96.09375,96.6875,96.09375,96.15625,276,3787
861217,96.15625,96.40625,96.125,96.25,13,3795
861218,96.71875,96.8125,96.1875,96.28125,98,3824
861219,96.5,96.75,96.34375,96.6875,143,3820
861222,96.21875,97.09375,96.21875,97.09375,381,4137
861223,97.25,97.625,97.21875,97.25,737,4251
861224,97.3125,97.40625,97.25,97.375,43,4252
861226,97.25,97.3125,97.1875,97.25,6,4247
861229,96.96875,96.96875,96,96,2768,5569
861230,95.65625,95.6875,95.40625,95.5625,268,5477
861231,95.8125,95.8125,95.1875,95.1875,1357,5835
870102,95.28125,97.03125,95.28125,96.96875,295,5675
870105,97.3125,97.6875,97.0625,97.6875,650,5583
870106,97.78125,97.78125,97.3125,97.65625,1255,4978
870107,97.375,98.21875,97.3125,98.21875,206,4854
870108,98.625,98.78125,98.34375,98.34375,209,4850
870109,98.53125,98.875,97.71875,98.875,551,4763
870112,98.5625,98.84375,98.21875,98.375,33,4747
870113,97.71875,98.125,97.71875,97.90625,311,4698
870114,97.5,98.28125,97.25,97.4375,589,4269
870115,97.75,98,97.21875,97.46875,331,4120
870116,97.8125,98.375,97.8125,98.34375,321,4176
870119,97.90625,98.875,97.8125,98.65625,17,4172
870120,98.59375,99.0625,98.53125,98.625,659,3742
870121,98.46875,98.84375,98.34375,98.59375,138,3758
870122,98.53125,98.59375,97.90625,98.5,66,3672
870123,98.125,98.6875,97.4375,97.5,397,3910
870126,97.3125,97.3125,96.5,96.625,630,3690
870127,96.6875,96.96875,96.46875,96.84375,86,3604
870128,96.59375,97.5625,96.59375,97.5,332,3466
870129,97.6875,97.75,97.375,97.375,307,3464
870130,97.84375,97.84375,96.8125,97,51,3455
870202,96.5,96.71875,96.28125,96.625,185,3452
870203,96.375,96.71875,96.375,96.46875,214,3389
870204,96.71875,96.8125,96.46875,96.6875,213,3300
870205,96.8125,97.8125,96.8125,97.8125,63,3292
870206,97.8125,98,97.46875,97.6875,1573,3255
870209,97.125,97.34375,96.65625,96.75,344,3525
870210,96.4375,96.5,95.5625,95.90625,164,3578
870211,95.96875,96.125,95.3125,95.625,442,3612
870212,96,96.5,95.90625,96.5,152,3589
870213,96.6875,96.875,96.5625,96.65625,1064,3235
870217,95.84375,96.59375,95.71875,96.59375,124,3115
870218,96.5625,97.21875,96.5625,97.03125,248,2914
870219,97.75,97.90625,97.34375,97.40625,341,2855
870220,97.25,97.65625,97.25,97.5,27,2871
870223,97.21875,97.8125,97.09375,97.8125,177,2972
870224,98.09375,98.5625,98.09375,98.4375,466,2857
870225,98.1875,98.59375,98.15625,98.1875,144,2713
870226,98.3125,98.59375,97.96875,98.28125,68,2650
870227,98.5,98.84375,98.5,98.59375,38,2642
870302,99,99.15625,98.90625,98.96875,1117,3633
870303,98.59375,98.75,98.375,98.40625,301,3422
870304,98.1875,99.53125,98.1875,99.53125,129,3400
870305,99.5625,99.6875,99.34375,99.375,257,3389
870306,98.90625,98.9375,98.4375,98.46875,67,3393
870309,98.3125,98.5,98.09375,98.4375,13,3386
870310,98.4375,98.5625,98.3125,98.3125,100,3486
870311,98,98.40625,97.84375,98.28125,127,3599
870312,98.40625,98.71875,98.40625,98.5,118,3588
870313,98.8125,99,98.71875,98.84375,196,3468
870316,98.59375,98.71875,98.46875,98.59375,272,3617
870317,98.34375,98.90625,98.25,98.90625,588,3540
870318,99.1875,99.25,98.8125,98.84375,455,3490
870319,98.6875,99.1875,98.6875,98.90625,286,3609
870320,99.0625,99.15625,98.6875,98.71875,51,3583
870323,98.40625,98.6875,98.3125,98.34375,255,3770
870324,98.09375,98.28125,97.9375,98.125,152,3736
870325,98.3125,98.40625,98.125,98.34375,119,3779
870326,98.5,98.8125,98.46875,98.75,72,3794
870327,98.5,98.625,97.65625,97.71875,156,3741
870330,96.65625,96.8125,95.625,95.78125,1494,4996
870331,96.15625,96.46875,95.4375,96.4375,4433,7340
870401,95.6875,96.03125,95.46875,95.6875,1351,7356
870402,96.3125,96.375,95.25,95.28125,427,7417
870403,95.5625,96.21875,95.1875,95.78125,450,7474
870406,96.375,96.53125,96,96.15625,15,7465
870407,95.75,96.0625,95.15625,95.21875,626,7702
870408,95.9375,95.9375,95.3125,95.4375,407,7683
870409,95.40625,95.53125,92.84375,93.75,4100,6535
870410,92.78125,93.375,92.15625,92.71875,1777,6418
870413,93,93.0625,91.96875,92,2358,7570
870414,90.1875,91.75,89.15625,90.71875,3498,9063
870415,92,92.28125,91,91.375,723,8767
870416,92.40625,92.5625,92.125,92.34375,1469,8619
870420,92.40625,92.625,90.4375,90.6875,1234,8245
870421,90.125,90.75,88.9375,90.71875,2756,7371
870422,90.625,91.21875,90.0625,90.3125,555,7436
870423,89.9375,90.6875,89.375,89.625,994,7568
870424,88.625,88.9375,87.71875,87.78125,2628,7121
870427,87.0625,89.78125,86.6875,89.34375,1989,6942
870428,89.5625,90.5625,89.1875,90.375,1369,7291
870429,91.09375,91.09375,89.71875,89.96875,235,7194
870430,90.0625,92.1875,89.5625,91.21875,1162,7271
870501,91.34375,91.6875,89.78125,89.9375,343,7319
870504,89.84375,89.84375,88.4375,88.5625,2351,7770
870505,88.5,89.875,88.46875,89.65625,449,7482
870506,89.71875,90.03125,88.625,88.84375,364,7572
870507,88.78125,90.5,88.5625,90.09375,918,7913
870508,89.875,90.84375,89.75,90.34375,414,7966
870511,90.71875,90.96875,88.8125,88.90625,204,7891
870512,88.5625,89.5625,88.21875,89.1875,351,7793
870513,89.5,89.78125,88.53125,89.375,169,7745
870514,89.46875,89.78125,88.90625,89.0625,186,7787
870515,88.96875,89.09375,86.90625,86.96875,3398,7766
870518,86.90625,88.03125,86.46875,87.90625,3689,8075
870519,87.8125,87.9375,86.15625,86.3125,2154,7863
870520,85.8125,86.4375,85.25,85.9375,4822,7761
870521,86.125,86.875,85.875,86.25,3520,7314
870522,86.03125,87.53125,86.03125,87.4375,1845,7994
870526,88.6875,89.78125,88.4375,89.78125,1291,8048
870527,89.96875,90.0625,88.875,89.15625,824,8386
870528,89.25,89.53125,88.3125,89.1875,1759,7971
870529,89.5625,90.40625,89.40625,90.15625,1732,8267
870601,91.15625,91.15625,89.84375,89.84375,1521,8170
870602,89.9375,90.34375,87.4375,87.5625,859,8370
870603,87.1875,88.65625,87.1875,88.375,416,8357
870604,88.625,88.9375,88.21875,88.59375,943,8693
870605,88.53125,89.71875,88.53125,89.71875,1120,8835
870608,88.96875,89.65625,88.5625,89.46875,1204,8722
870609,89.25,89.4375,88.75,89.09375,353,8766
870610,89.03125,90.28125,88.75,89.25,2840,9608
870611,89.15625,89.875,89.15625,89.5625,1111,9870
870612,89.65625,91.59375,89.65625,91.53125,3053,10661
870615,91.65625,92.03125,91.03125,91.6875,1543,10453
870616,91.78125,91.9375,91.1875,91.59375,1570,10410
870617,91.78125,92.28125,91.625,92.03125,1274,10383
870618,92.125,92.15625,91.28125,91.65625,1037,10775
870619,91.40625,91.8125,91.125,91.53125,797,10757
870622,92.125,92.5625,92.0625,92.25,1404,10850
870623,92.21875,92.84375,91.75,92.0625,8785,14517
870624,92.03125,92.0625,91.21875,91.25,2189,15105
870625,91.28125,91.875,91.28125,91.6875,961,15523
870626,91.4375,91.5,90.375,90.5625,6060,19042
870629,90.09375,91.09375,90.09375,91.03125,2930,19060
870630,91.15625,91.34375,90.15625,90.5625,1923,19456
870701,90.5625,90.875,90.15625,90.625,1655,19622
870702,90.6875,91.59375,90.625,91.5625,2875,19646
870706,91.96875,92.03125,91.3125,91.5625,1852,19825
870707,91.46875,91.90625,91.21875,91.84375,1795,20116
870708,91.9375,92.125,90.9375,91.25,2652,20327
870709,91.1875,91.1875,90.46875,90.5,672,20361
870710,90.46875,91.375,90.40625,91.28125,959,20650
870713,90.90625,91.03125,90.40625,90.65625,4517,20967
870714,90.5,91.5,90.21875,91.4375,3867,21640
870715,91.40625,91.4375,90.0625,90.5,2544,21805
870716,90.40625,90.84375,90.375,90.75,1654,21735
870717,90.90625,91.34375,90.90625,91.28125,1259,21818
870720,90.5625,90.875,90.5,90.71875,7716,21084
870721,90.46875,90.75,89.5,89.625,3620,21722
870722,89.59375,89.78125,88.875,89.1875,2975,22340
870723,89.0625,89.375,88.75,89.03125,8761,26255
870724,89.15625,89.15625,88.5625,88.78125,4178,27482
870727,88.53125,89.1875,88.53125,88.65625,8035,30248
870728,88.78125,89.28125,88.25,88.4375,5847,29689
870729,88.375,88.75,88.28125,88.625,4401,31204
870730,89.0625,89.15625,88.125,88.9375,10803,33121
870731,89.03125,89.0625,88.1875,88.5,3357,33645
870803,87.5,87.6875,87.15625,87.1875,9310,36653
870804,87.28125,87.5,86.4375,87.1875,5553,37444
870805,87.125,88.40625,87.125,88.25,18727,43370
870806,88.21875,88.34375,87.8125,88.03125,5743,45478
870807,88.09375,88.625,87.5,88.46875,4666,46878
870810,88,88.5625,88,88.1875,6446,45559
870811,88.28125,88.78125,88.125,88.34375,5603,47133
870812,88.3125,88.625,88.21875,88.4375,11023,52244
870813,88.4375,89.5,88.3125,89.46875,14724,56945
870814,89.78125,90.21875,88.5,89.9375,15593,62643
870817,89.96875,90.375,89.6875,90.09375,6182,62931
870818,89.9375,90.03125,88.1875,88.25,24717,70701
870819,88.28125,88.46875,87.8125,88,10793,73185
870820,87.875,88.78125,87.75,88.6875,18346,78153
870821,88.65625,88.71875,88.15625,88.34375,16950,86239
870824,88.1875,88.53125,88.0625,88.25,9180,88892
870825,88.3125,88.875,88.3125,88.75,17092,94522
870826,88.71875,88.875,88.15625,88.21875,25210,104642
870827,88.21875,88.3125,86.9375,87.0625,66714,124971
870828,87,87.21875,86.15625,86.40625,83598,150986
870831,86.4375,86.65625,85.78125,86.53125,294719,184918
870901,86.53125,86.8125,85.96875,86.03125,297104,195288
870902,85.78125,85.78125,83.875,84.0625,479424,228717
870903,84.25,84.71875,83.5,84.15625,460353,240265
870904,84.0625,84.8125,83.59375,83.96875,292205,244922
870908,83.84375,83.84375,82.125,82.34375,379429,260750
870909,82.46875,82.90625,81.5625,82.375,450848,261192
870910,82.65625,83.34375,82.4375,82.8125,277432,261774
870911,82.8125,84.15625,82.3125,83.625,403427,259594
870914,83.625,84.375,83.1875,83.46875,318339,264363
870915,83.53125,83.65625,82.1875,82.5,359646,270834
870916,82.3125,82.71875,81.375,82,496517,281348
870917,82,82.75,82,82.34375,322225,285373
870918,82.84375,83.375,82.8125,83.15625,216188,283630
870921,83.25,83.8125,82.5,82.65625,297810,277189
870922,82.5,83.59375,82.21875,83.5625,406689,282727
870923,83.71875,83.84375,82.90625,83.4375,368175,285075
870924,83.375,83.5,82.34375,82.375,183369,281917
870925,82.21875,82.625,82.0625,82.34375,212619,283208
870928,82.9375,83.1875,82.125,82.5,239973,286796
870929,82.46875,82.71875,81.625,81.6875,365556,288429
870930,81.34375,81.75,81.21875,81.6875,322593,298961
871001,81.875,82.25,81.46875,81.75,256093,298540
871002,81.84375,82.75,80.875,82.65625,365275,308309
871005,82.5,82.71875,81.625,81.71875,265224,304664
871006,81.65625,81.875,81.1875,81.59375,235822,301233
871007,81.75,82.5625,81.375,81.59375,358689,304194
871008,81.5,81.75,80.65625,80.71875,429681,299350
871009,80.8125,80.84375,80,80.09375,298984,298990
871012,80.25,80.25,79.21875,79.25,79350,301539
871013,79.875,80.53125,79.125,80.5,268951,297332
871014,80.5,80.59375,78.5625,78.65625,499217,324397
871015,78.5625,78.96875,76.84375,78.4375,609926,339726
871016,78.03125,78.96875,77.65625,77.9375,355397,332363
871019,77.75,78.0625,76.21875,77.78125,465606,349121
871020,80,80.78125,80,80.78125,28669,339332
871021,83.625,83.78125,82.375,83.6875,294403,317140
871022,83.375,86.6875,83.125,86.375,348546,295088
871023,86.78125,88.9375,85.9375,86.5625,306058,298750
871026,86.5,88.375,86.375,88.1875,252223,294719
871027,88.5,88.5625,86.53125,87.25,274998,287602
871028,87.125,87.28125,85.875,86.21875,325979,280793
871029,86.09375,87.09375,86.0625,86.875,219770,281471
871030,87.5,87.65625,86.65625,87.5625,213370,277826
871102,87.21875,87.375,86.46875,87.125,222727,272277
871103,87.125,88.3125,86.25,88.125,353923,270941
871104,88.0625,89.46875,87.8125,89.21875,331732,264850
871105,88.96875,90.46875,88.53125,90.09375,386457,271914
871106,89.90625,90.3125,88.4375,89.53125,290380,258227
871109,89.3125,90.15625,89.125,89.4375,173451,252859
871110,89.5,89.96875,88.53125,89.34375,280764,252258
871111,89.1875,89.4375,88.9375,88.96875,42502,247176
871112,88.96875,89.75,88.9375,89.15625,232841,245828
871113,89.15625,89.375,88.71875,88.8125,187857,241824
871116,88.65625,89.25,88.46875,89.25,166497,243471
871117,89.1875,89.25,88.5625,88.75,209504,242175
871118,88.75,89.0625,88.59375,88.84375,128176,240878
871119,88.78125,89.34375,88.65625,89.15625,130771,241979
871120,89.03125,89.9375,89.03125,89.53125,207034,224619
871123,89.65625,89.84375,89.34375,89.5625,123415,211764
871124,89.4375,90.09375,88.5625,88.6875,246226,197350
871125,88.5,88.84375,87.8125,88,233780,178427
871127,87.40625,87.625,86.84375,87.0625,98285,166184
871130,86.84375,88.15625,86.46875,87.65625,310943,142364
871201,87.40625,87.78125,87.15625,87.375,48832,114816
871202,87.4375,87.625,87.09375,87.59375,39768,93276
871203,87.5625,88.15625,87.53125,88.03125,28300,85117
871204,88.28125,88.40625,87.65625,87.8125,33143,73532
871207,87.625,87.6875,86.625,86.71875,26021,65244
871208,86.78125,87.09375,86.375,86.4375,20933,60653
871209,86.59375,87.125,86.46875,86.9375,15304,56586
871210,86.96875,87.03125,84.96875,85.15625,18449,53856
871211,85.125,85.28125,84.375,84.71875,15627,48803
871214,84.625,85.21875,84.625,85.15625,9976,46516
871215,85.34375,86.875,85.34375,86.78125,12710,35982
871216,87,87.78125,86.21875,87.78125,9618,32920
871217,87.71875,88.5,87.3125,87.46875,9611,28333
871218,87.28125,89.4375,87.25,89.40625,4335,26466
871221,89.40625,89.4375,88.875,88.9375,11637,21541
