860718,93.96875,93.96875,93.96875,93.96875,0,1
860721,94.15625,94.15625,94.15625,94.15625,0,1
860722,92.625,92.625,92.625,92.625,0,1
860723,91.59375,91.59375,91.59375,91.59375,0,1
860724,91.0625,91.0625,90.5625,90.5625,1,2
860725,90.5625,90.5625,90.5625,90.5625,0,2
860728,88.5625,88.5625,88.5625,88.5625,0,2
860729,89.65625,89.78125,89.65625,89.78125,1,2
860730,90.3125,90.3125,90.3125,90.3125,0,2
860731,91.15625,91.15625,91.15625,91.15625,0,2
860801,90.6875,90.6875,90.6875,90.6875,0,2
860804,91.09375,91.09375,91.09375,91.09375,0,2
860805,89.875,89.875,89.875,89.875,0,2
860806,89.53125,89.53125,89.53125,89.53125,0,2
860807,90.5,90.5,90.5,90.5,0,2
860808,92.4375,92.4375,92.4375,92.4375,0,2
860811,93.0625,93.0625,93.0625,93.0625,0,2
860812,92.90625,92.90625,92.90625,92.90625,0,2
860813,93.84375,93.84375,93.84375,93.84375,0,2
860814,93.625,93.625,93.625,93.625,0,2
860815,94,94,93.8125,93.84375,1,3
860818,94.15625,94.15625,94.15625,94.15625,0,3
860819,95.3125,95.3125,94.96875,95,3,3
860820,95.03125,95.03125,95.03125,95.03125,0,3
860821,94.40625,94.40625,94.40625,94.40625,0,3
860822,93.34375,93.34375,93.34375,93.34375,0,4
860825,93.59375,93.59375,93.59375,93.59375,0,4
860826,94.53125,94.53125,94.53125,94.53125,0,4
860827,93.6875,93.6875,93.6875,93.6875,0,4
860828,94.6875,94.6875,94.28125,94.3125,20,23
860829,95.125,95.125,95.125,95.125,0,23
860902,93.125,93.125,93.125,93.125,0,23
860903,91.21875,91.21875,91.21875,91.21875,0,23
860904,91,91,91,91,0,23
860905,89.375,89.375,89.375,89.375,0,23
860908,88.3125,88.3125,88.3125,88.3125,0,23
860909,89.15625,89.15625,89.15625,89.15625,0,23
860910,89.34375,89.34375,89.34375,89.34375,0,23
860911,88.71875,88.71875,87.34375,87.34375,5,28
860912,86.3125,86.3125,86.3125,86.3125,0,28
860915,87.46875,87.46875,87.46875,87.46875,0,28
860916,87.75,87.75,87.75,87.75,0,28
860917,88.4375,88.4375,88.4375,88.4375,0,28
860918,88.40625,88.40625,87.1875,87.1875,4,28
860919,86.21875,86.21875,85.5625,85.75,1,29
860922,86.6875,86.90625,86.65625,86.78125,8,34
860923,87.125,87.125,87.125,87.125,0,34
860924,88.8125,88.8125,88.8125,88.8125,0,34
860925,88.40625,88.40625,88.40625,88.40625,0,34
860926,88.71875,88.71875,88.71875,88.71875,0,34
860929,87.9375,87.9375,87.9375,87.9375,0,34
860930,89.71875,89.71875,89.71875,89.71875,0,34
861001,89.8125,89.8125,89.8125,89.8125,0,34
861002,89.125,89.125,89.125,89.125,0,34
861003,90.125,90.125,90.125,90.125,0,34
861006,90.0625,90.0625,90.0625,90.0625,0,34
861007,90.3125,90.3125,90.3125,90.3125,0,34
861008,89.6875,89.6875,89.6875,89.6875,0,34
861009,89.8125,89.8125,89.8125,89.8125,0,34
861010,89.3125,89.3125,89.3125,89.3125,0,34
861013,89.21875,89.21875,89.21875,89.21875,0,34
861014,87.8125,87.8125,87.8125,87.8125,0,34
861015,88.3125,88.3125,88.3125,88.3125,0,34
861016,87.78125,87.78125,87.78125,87.78125,0,34
861017,87.75,87.75,87.75,87.75,0,34
861020,86.84375,86.84375,86.84375,86.84375,0,34
861021,87.75,87.75,87.75,87.75,0,34
861022,88.6875,88.6875,88.6875,88.6875,0,34
861023,89.3125,89.3125,89.0625,89.09375,25,34
861024,88.71875,88.71875,88.71875,88.71875,0,34
861027,89.03125,89.375,89.03125,89.375,5,36
861028,89.03125,89.03125,89.03125,89.03125,0,36
861029,89.96875,89.96875,89.96875,89.96875,0,36
861030,90.9375,90.9375,90.9375,90.9375,0,36
861031,90.875,90.875,90.875,90.875,0,36
861103,91.4375,91.4375,91.4375,91.4375,0,36
861104,91.5625,91.5625,91.5625,91.5625,0,36
861105,91.5625,91.5625,91.5625,91.5625,0,36
861106,90.15625,90.15625,90.15625,90.15625,0,36
861107,89.0625,89.0625,89.0625,89.0625,0,36
861110,89.71875,89.71875,89.71875,89.71875,0,36
861111,89.59375,89.59375,89.59375,89.59375,0,36
861112,89.90625,89.90625,89.90625,89.90625,0,36
861113,90.34375,90.34375,90.34375,90.34375,0,36
861114,91.3125,91.3125,91.3125,91.3125,0,36
861117,92.5625,92.5625,92.5625,92.5625,0,36
861118,91.9375,91.9375,91.4375,91.4375,42,16
861119,92.78125,92.78125,92.78125,92.78125,0,16
861120,92.4375,92.4375,92.4375,92.4375,0,16
861121,92.5625,92.5625,92.5625,92.5625,0,16
861124,93.125,93.125,93.125,93.125,0,16
861125,92,92,92,92,0,16
861126,91.46875,92.21875,91.46875,92.21875,3,14
861128,92.28125,92.28125,92.28125,92.28125,0,14
861201,92,92,92,92,0,14
861202,92.21875,93.375,92.21875,93.375,2,14
861203,93.5,93.5,93.5,93.5,0,14
861204,93.875,94.15625,93.875,93.96875,5,19
861205,92.09375,92.09375,92.09375,92.09375,0,19
861208,92.84375,92.84375,92.84375,92.84375,0,19
861209,92.4375,92.4375,92.4375,92.4375,0,19
861210,92.9375,92.9375,92.9375,92.9375,0,19
861211,91.40625,91.40625,91.40625,91.40625,0,19
861212,91.53125,91.53125,91.53125,91.53125,0,19
861215,91.59375,91.59375,91.59375,91.59375,0,19
861216,91.96875,91.96875,91.96875,91.96875,0,19
861217,91.90625,91.90625,91.90625,91.90625,0,19
861218,91.9375,91.9375,91.9375,91.9375,0,19
861219,92.3125,92.3125,92.3125,92.3125,0,19
861222,92.75,92.75,92.75,92.75,0,19
861223,92.90625,92.90625,92.90625,92.90625,0,19
861224,93.03125,93.03125,93.03125,93.03125,0,19
861226,92.90625,92.90625,92.90625,92.90625,0,19
861229,92.15625,92.15625,91.625,91.625,2,19
861230,91.125,91.34375,91.125,91.1875,2,19
861231,91.3125,91.375,90.875,90.875,2,19
870102,92.40625,92.84375,92.40625,92.84375,6,21
870105,93.28125,93.71875,93.25,93.71875,9,22
870106,93.46875,93.46875,93.46875,93.46875,0,22
870107,93.9375,94,93.9375,93.96875,12,21
870108,94.125,94.125,94.125,94.125,0,21
870109,94.71875,94.71875,94.71875,94.71875,0,21
870112,94.25,94.25,94.25,94.25,0,21
870113,93.8125,93.8125,93.8125,93.8125,0,21
870114,93.34375,93.34375,93.34375,93.34375,0,21
870115,93.3125,93.3125,93.3125,93.3125,0,21
870116,94.15625,94.15625,94.15625,94.15625,0,21
870119,94.375,94.375,94.375,94.375,0,21
870120,94.28125,94.28125,94.28125,94.28125,0,21
870121,94.25,94.25,94.25,94.25,0,21
870122,94.15625,94.15625,94.15625,94.15625,0,21
870123,93.15625,93.15625,93.15625,93.15625,0,21
870126,92.71875,92.71875,92.71875,92.71875,0,21
870127,92.625,92.625,92.625,92.625,0,21
870128,93.46875,93.46875,93.46875,93.46875,0,21
870129,93.34375,93.34375,93.34375,93.34375,0,21
870130,92.96875,92.96875,92.96875,92.96875,0,21
870202,92.59375,92.59375,92.59375,92.59375,0,21
870203,92.28125,92.28125,92.28125,92.28125,0,21
870204,92.46875,92.46875,92.46875,92.46875,0,21
870205,93.15625,93.59375,93.15625,93.59375,7,18
870206,93.46875,93.46875,93.46875,93.46875,0,18
870209,92.53125,92.53125,92.53125,92.53125,0,18
870210,91.6875,91.6875,91.6875,91.6875,0,18
870211,91.53125,91.53125,91.53125,91.53125,0,18
870212,92.40625,92.40625,92.40625,92.40625,0,18
870213,92.59375,92.59375,92.59375,92.59375,0,18
870217,92.6875,92.6875,92.6875,92.6875,0,18
870218,92.8125,93.21875,92.65625,93.09375,2,18
870219,93.375,93.375,93.375,93.375,0,18
870220,93.46875,93.46875,93.46875,93.46875,0,18
870223,93.78125,93.78125,93.78125,93.78125,0,18
870224,94.375,94.375,94.375,94.375,0,18
870225,94.15625,94.15625,94.15625,94.15625,0,18
870226,94.25,94.25,94.25,94.25,0,18
870227,94.5625,94.5625,94.5625,94.5625,0,18
870302,94.9375,94.9375,94.9375,94.9375,0,18
870303,94.375,94.375,94.375,94.375,0,18
870304,95.5,95.5,95.5,95.5,0,18
870305,95.5,95.5,95.5,95.5,0,18
870306,94.59375,94.59375,94.59375,94.59375,0,18
870309,94.5625,94.5625,94.5625,94.5625,0,18
870310,94.40625,94.40625,94.40625,94.40625,0,18
870311,94.375,94.375,94.375,94.375,0,18
870312,94.625,94.625,94.625,94.625,0,18
870313,94.875,94.875,94.875,94.875,0,18
870316,94.53125,94.53125,94.53125,94.53125,0,18
870317,94.8125,94.8125,94.8125,94.8125,0,18
870318,94.75,94.75,94.75,94.75,0,18
870319,94.65625,94.65625,94.65625,94.65625,0,18
870320,94.78125,94.78125,94.625,94.625,6,16
870323,94.09375,94.09375,94.09375,94.09375,0,16
870324,93.84375,93.84375,93.84375,93.84375,0,16
870325,94.15625,94.15625,94.15625,94.15625,0,16
870326,94.59375,94.59375,94.59375,94.59375,0,16
870327,93.53125,93.53125,93.53125,93.53125,0,16
870330,91.5625,91.5625,91.5625,91.5625,0,16
870331,92.1875,92.1875,92.1875,92.1875,0,16
870401,91.46875,91.46875,91.46875,91.46875,0,16
870402,92.03125,92.15625,91.03125,91.0625,10,22
870403,91.5625,91.5625,91.5625,91.5625,0,22
870406,91.9375,91.9375,91.9375,91.9375,0,22
870407,91.46875,91.46875,91.0625,91.0625,2,22
870408,91.5625,91.5625,91.3125,91.3125,5,27
870409,89.8125,89.8125,89.8125,89.8125,0,27
870410,88.875,88.875,88.78125,88.78125,1,27
870413,88.25,88.25,88.25,88.25,0,27
870414,87.03125,87.03125,87.03125,87.03125,0,27
870415,87.8125,87.8125,87.8125,87.8125,0,27
870416,88.71875,88.71875,88.71875,88.71875,0,27
870420,87.09375,87.09375,87.09375,87.09375,0,27
870421,87.40625,87.40625,87.40625,87.40625,0,27
870422,86.875,86.875,86.875,86.875,0,27
870423,86.3125,86.3125,86.3125,86.3125,0,27
870424,84.71875,84.71875,84.71875,84.71875,0,27
870427,85.96875,85.96875,85.96875,85.96875,0,27
870428,87,87,87,87,0,27
870429,86.59375,86.59375,86.59375,86.59375,0,27
870430,87.84375,87.84375,87.84375,87.84375,0,27
870501,88.15625,88.28125,86.34375,86.34375,2,27
870504,85,85.375,84.78125,84.84375,7,27
870505,85.96875,85.96875,85.96875,85.96875,0,27
870506,85.21875,85.21875,85.21875,85.21875,0,27
870507,86.40625,86.40625,86.40625,86.40625,0,27
870508,86.65625,86.65625,86.65625,86.65625,0,27
870511,85.21875,85.21875,85.21875,85.21875,0,27
870512,85.5,85.5,85.5,85.5,0,27
870513,85.34375,85.71875,85.34375,85.71875,3,27
870514,85.71875,85.71875,85.375,85.40625,19,22
870515,84.1875,84.3125,83.4375,83.4375,28,49
870518,84.4375,84.4375,84.4375,84.4375,0,49
870519,82.84375,82.84375,82.84375,82.84375,0,49
870520,82.71875,82.90625,82.40625,82.46875,1,49
870521,82.6875,82.6875,82.6875,82.6875,0,49
870522,83.09375,83.84375,83.09375,83.84375,100,138
870526,86.1875,86.1875,86.1875,86.1875,0,138
870527,85.5625,85.5625,85.5625,85.5625,0,138
870528,85.40625,85.6875,85.40625,85.6875,70,188
870529,86.6875,86.6875,86.6875,86.6875,0,188
870601,87,87,86.375,86.375,120,308
870602,84,84,84,84,0,308
870603,84.84375,84.84375,84.84375,84.84375,0,308
870604,85.09375,85.09375,85.09375,85.09375,0,308
870605,85.375,86.28125,85.375,86.28125,1075,1383
870608,86.03125,86.03125,86.03125,86.03125,0,1383
870609,85.65625,85.65625,85.65625,85.65625,0,1383
870610,86.34375,86.375,85.75,85.75,202,1583
870611,86.34375,86.34375,85.90625,86.125,0,1583
870612,88.0625,88.0625,88.0625,88.0625,0,1583
870615,88.125,88.21875,87.625,88.21875,27,1583
870616,87.90625,88.1875,87.90625,88.125,500,2083
870617,88.5625,88.5625,88.5625,88.5625,0,2083
870618,88.03125,88.1875,87.9375,88.1875,165,2168
870619,88,88.21875,87.90625,88.0625,9,2161
870622,89,89,88.65625,88.75,5,2166
870623,89.15625,89.15625,88.21875,88.53125,637,2598
870624,87.71875,87.71875,87.71875,87.71875,0,2598
870625,88.28125,88.28125,87.96875,88,40,2638
870626,87.03125,87.21875,86.84375,86.875,45,2633
870629,86.90625,87.21875,86.90625,87.21875,2,2633
870630,86.75,86.75,86.75,86.75,0,2633
870701,86.6875,87,86.6875,86.71875,12,2633
870702,87.28125,87.625,87.28125,87.59375,6,2633
870706,87.5,87.625,87.5,87.59375,3,2636
870707,87.71875,87.9375,87.71875,87.9375,4,2637
870708,87.65625,87.71875,87.0625,87.34375,1,2637
870709,86.71875,86.71875,86.59375,86.59375,1,2637
870710,87.09375,87.3125,87.09375,87.3125,17,2640
870713,87,87,86.53125,86.5625,49,2640
870714,87.03125,87.34375,87.03125,87.34375,1,2641
870715,86.40625,86.40625,86.40625,86.40625,0,2641
870716,86.46875,86.6875,86.46875,86.65625,8,2641
870717,87.09375,87.21875,87.09375,87.21875,5,2641
870720,86.65625,86.65625,86.65625,86.65625,0,2641
870721,86.53125,86.6875,85.71875,85.71875,1,6231
870722,85.46875,85.46875,85.21875,85.21875,2,2642
870723,85.0625,85.25,84.96875,85.0625,69,2711
870724,84.71875,84.875,84.65625,84.8125,42,2742
870727,84.65625,84.65625,84.65625,84.65625,0,2742
870728,85.1875,85.1875,84.28125,84.4375,8,2750
870729,84.5625,84.75,84.46875,84.625,13,2756
870730,84.5625,84.875,84.21875,84.875,11,2766
870731,84.5625,84.5625,84.4375,84.4375,14,2776
870803,83.125,83.125,83.125,83.125,0,2776
870804,83.25,83.25,83.15625,83.15625,5,2776
870805,84.3125,84.34375,84.3125,84.34375,4,2776
870806,84.125,84.125,84.125,84.125,0,2776
870807,84.53125,84.53125,84.53125,84.53125,0,2776
870810,84.28125,84.5,84.125,84.125,9,2774
870811,84.71875,84.75,84.28125,84.28125,3,2777
870812,84.34375,84.46875,84.34375,84.4375,13,2778
870813,84.96875,85.5,84.96875,85.5,5,2783
870814,85,86.1875,85,85.90625,5,2785
870817,85.96875,86.3125,85.96875,86.03125,70,2812
870818,85.03125,85.03125,84.3125,84.3125,41,2810
870819,84.34375,84.34375,84,84.0625,16,2818
870820,84.15625,84.78125,84.15625,84.78125,11,2822
870821,84.625,84.84375,84.40625,84.4375,7,2822
870824,84.3125,84.3125,84.3125,84.3125,0,2822
870825,84.84375,84.84375,84.84375,84.84375,0,2822
870826,84.59375,84.59375,84.34375,84.34375,3,2825
870827,83.15625,83.15625,83.15625,83.15625,0,2825
870828,83,83,82.46875,82.5,40,2828
870831,82.34375,82.65625,82,82.625,4,2830
870901,82.625,82.65625,82.125,82.125,0,2830
870902,81.375,81.375,80.3125,80.3125,112,2741
870903,80.78125,80.78125,79.9375,80.28125,165,2753
870904,80,80.40625,80,80.09375,3,2750
870908,79.0625,79.0625,78.4375,78.4375,7,2743
870909,78.03125,78.875,77.875,78.5,5,2743
870910,79.125,79.125,79.125,79.125,0,2743
870911,79.5,80.21875,79.5,79.96875,27,2749
870914,80.40625,80.40625,79.8125,79.8125,4,2751
870915,79.65625,79.75,78.53125,78.75,3,2752
870916,78,78.90625,78,78.34375,1,2752
870917,78.59375,78.59375,78.59375,78.59375,0,2752
870918,79.3125,79.5,79.1875,79.375,7,2745
870921,79.96875,79.96875,78.90625,78.90625,26,2746
870922,79.8125,79.8125,79.8125,79.8125,0,2746
870923,79.6875,79.6875,79.6875,79.6875,0,2746
870924,79.03125,79.125,78.625,78.625,21,2737
870925,78.71875,78.71875,78.40625,78.5625,1,2738
870928,78.90625,79,78.40625,78.75,16,2732
870929,78.5,78.5,77.96875,77.96875,6,2732
870930,77.71875,78.09375,77.625,78.09375,12,2745
871001,78.125,78.1875,77.90625,78.0625,23,2761
871002,77.5,78.9375,77.40625,78.9375,16,2770
871005,78.46875,78.59375,78.0625,78.0625,2,2772
871006,77.78125,78.0625,77.78125,78.03125,12,2783
871007,77.90625,79,77.90625,78.0625,25,2796
871008,77.90625,77.9375,77.40625,77.40625,88,2800
871009,77.28125,77.5,77.03125,77.03125,102,2772
871012,76.625,76.78125,76.34375,76.34375,165,2747
871013,77.0625,77.375,77.0625,77.375,33,2735
871014,76.375,76.375,75.5625,75.5625,127,2646
871015,74.5625,75.71875,74.4375,75.40625,624,2274
871016,75.0625,75.0625,75.0625,75.0625,0,2274
871019,73.625,75,73.625,74.8125,284,2057
871020,77.8125,77.8125,77.8125,77.8125,10,2057
871021,80.1875,80.8125,78.65625,80.125,59,2032
871022,82.5,82.6875,81.90625,82.6875,126,2094
871023,84.90625,85,82.4375,82.78125,185,2022
871026,83.84375,84.375,83.84375,84.375,6,2028
871027,83.46875,83.46875,83.46875,83.46875,0,2028
871028,82.96875,83.25,82.1875,82.375,5,2029
871029,83.125,83.15625,82.59375,83.0625,5,2030
871030,83.8125,83.8125,83.8125,83.8125,0,2030
871102,83.4375,83.4375,83.4375,83.4375,0,2030
871103,83.625,84.6875,83.625,84.5625,18,2029
871104,85,85.59375,85,85.59375,16,2019
871105,86.40625,86.75,86.375,86.46875,28,2022
871106,85.125,86,85.125,85.9375,54,2023
871109,85.84375,85.84375,85.75,85.75,10,2023
871110,85.625,85.625,85.59375,85.59375,82,2025
871111,85.40625,85.40625,85.15625,85.15625,52,2025
871112,85.625,85.875,85.375,85.4375,41,2017
871113,85.25,85.53125,85.0625,85.0625,2,2015
871116,85.0625,85.5,85.0625,85.5,1,2015
871117,85.03125,85.0625,84.96875,84.96875,14,2017
871118,85.09375,85.21875,84.9375,85.125,16,2007
871119,85.25,85.5,85.25,85.40625,3,2006
871120,85.84375,85.96875,85.75,85.78125,2,2005
871123,85.78125,86,85.5,85.5,2,2006
871124,85.625,86.15625,84.9375,84.9375,15,2008
871125,84.40625,84.46875,84.40625,84.46875,37,2032
871127,83.84375,83.84375,83.15625,83.3125,70,2067
871130,82.71875,84.09375,82.71875,83.78125,260,2191
871201,83.3125,83.5625,83.21875,83.3125,106,2199
871202,83.3125,83.65625,83.3125,83.65625,0,2199
871203,83.90625,84.15625,83.90625,84.15625,19,2196
871204,84.375,84.375,83.90625,83.90625,35,2211
871207,83.40625,83.46875,82.78125,82.78125,40,2218
871208,82.84375,83.03125,82.46875,82.46875,67,2219
871209,82.90625,83,82.90625,82.90625,412,2603
871210,81.59375,81.59375,81,81.125,109,2617
871211,81.0625,81.0625,80.5,80.59375,80,2642
871214,80.96875,81,80.96875,80.96875,11,2633
871215,82.21875,82.53125,82.21875,82.53125,25,2639
871216,82.34375,83.46875,82.25,83.46875,128,2652
871217,83.90625,84,83.0625,83.09375,317,2670
871218,83.8125,84.9375,83.8125,84.9375,302,2813
871221,84.5,84.78125,84.5,84.78125,7,2806
871222,84.25,84.28125,84.15625,84.28125,11,2808
871223,85.28125,85.625,85.28125,85.59375,241,2789
871224,85.5,85.875,85.3125,85.3125,10,2779
871228,84.34375,84.6875,84.21875,84.53125,5,2773
871229,84.75,85,84.75,85,22,2758
871230,85.09375,85.40625,84.84375,85.34375,74,2680
871231,84.78125,84.78125,84.53125,84.53125,3,2677
880104,85.625,85.65625,84.9375,84.9375,150,2691
880105,85.65625,86.125,85.46875,85.5625,125,2629
880106,85,85,84.75,84.78125,538,2621
880107,84.375,84.875,84.15625,84.875,43,2580
880108,83.4375,83.65625,83,83,12,2589
880111,83.21875,84.09375,83.21875,83.875,15,2593
880112,84.3125,84.3125,83.6875,83.6875,267,2691
880113,83.84375,84.59375,83.84375,84.59375,11,2692
880114,84.78125,84.78125,84.28125,84.53125,59,2649
880115,86.3125,87.3125,86.0625,87.21875,45,2623
880118,87.15625,87.3125,86.78125,86.84375,125,2652
880119,86.875,87,86.59375,86.90625,195,2710
880120,86.96875,87.375,86.90625,87.21875,24,2718
880121,87.90625,88.28125,87.8125,87.84375,656,3180
880122,88.15625,88.3125,88.0625,88.28125,120,3218
880125,88.375,88.8125,88.375,88.65625,43,3234
880126,88.09375,88.15625,87.78125,87.78125,68,3263
880127,87.75,89.28125,87.5625,89.28125,1833,3517
880128,89.34375,90.03125,89.34375,89.875,500,3358
880129,90.09375,90.5,90.09375,90.5,4,3351
880201,91.34375,91.40625,90.40625,90.4375,361,3298
880202,90.375,91.46875,90.1875,91.34375,165,3220
880203,91.46875,91.46875,90.46875,90.46875,267,3221
880204,90.28125,90.59375,90,90.5625,83,3182
880205,91.625,91.84375,91.25,91.25,655,3197
880208,90.75,90.75,90.75,90.75,0,3197
880209,91.15625,91.15625,90.84375,90.9375,12,3197
880210,91.25,91.53125,91.25,91.4375,9,3188
880211,90.8125,90.8125,90.8125,90.8125,0,3188
880212,90.1875,90.1875,89.6875,89.78125,725,3465
880216,89.3125,89.6875,89.125,89.6875,727,3025
880217,89.65625,89.90625,89.46875,89.46875,6,3025
880218,88.9375,89.84375,88.9375,89.78125,318,3080
880219,89.8125,90.15625,89.71875,90.0625,73,3043
880222,89.8125,90.25,89.78125,90.25,11,3041
880223,90.15625,90.9375,90.15625,90.9375,488,3450
880224,91.15625,91.15625,90.9375,90.9375,193,3632
880225,90.46875,91.46875,90.375,90.375,144,3678
880226,90.5625,90.8125,90.46875,90.8125,250,3565
880229,90.8125,91.5,90.8125,90.96875,12,3667
880301,91.21875,91.21875,91.03125,91.03125,1,3667
880302,91.28125,91.53125,91.1875,91.34375,79,3598
880303,91.46875,91.53125,91.375,91.5,18,3598
880304,89.71875,89.875,89.71875,89.8125,60,3628
880307,89.71875,89.78125,89.40625,89.46875,15,3635
880308,89.09375,89.25,88.875,89.25,4,3633
880309,89.25,89.4375,89.125,89.40625,11,3633
880310,88.875,89.03125,88.875,88.9375,44,3599
880311,89.40625,89.71875,89.21875,89.53125,17,3597
880314,89.34375,89.625,89.34375,89.5625,3,3600
880315,89.59375,89.65625,89.53125,89.5625,8,3600
880316,89.1875,89.1875,88.84375,88.90625,36,3580
880317,89,89.625,89,89.59375,23,3591
880318,89.34375,89.34375,88.3125,88.3125,4,3592
880321,87.75,88,87.46875,87.96875,218,3566
880322,88.3125,88.4375,87.71875,88,812,3864
880323,87.9375,88.0625,87.4375,87.6875,996,4275
880324,86.96875,87.65625,86.9375,87.625,1617,4439
880325,87.5625,88.15625,87.46875,88.0625,1952,4928
880328,88,88,87.03125,87.03125,2722,6541
880329,86.78125,87.375,86.78125,87.3125,20,6523
880330,87.53125,87.53125,86.90625,87,23,6513
880331,86.96875,87.25,86.90625,87.1875,55,6467
880404,86.09375,86.5625,86.09375,86.5,145,6486
880405,86.625,86.625,86.375,86.5625,8,6485
880406,86.4375,87.34375,86.4375,87.34375,40,6502
880407,87.34375,87.53125,87.25,87.375,36,6503
880408,87.40625,88.25,87.40625,88.21875,17,6506
880411,88.1875,88.25,87.5,87.5,10,6505
880412,87.5625,87.9375,87.5,87.90625,11,6499
880413,87.375,88.0625,87.375,88,13,6493
880414,86.8125,87,86.125,86.71875,42,6489
880415,86.03125,86.6875,86,86.25,122,6500
880418,86.03125,86.0625,85.5625,85.84375,511,6996
880419,85.90625,86.0625,85.5,85.5,131,6998
880420,85.3125,85.65625,85.09375,85.65625,1116,7502
880421,85.78125,85.84375,85.59375,85.625,214,7601
880422,85.875,86.03125,85.75,85.78125,718,7600
880425,85.875,86,85.71875,85.875,97,7609
880426,85.84375,86.25,85.71875,85.75,97,7607
880427,85.8125,85.90625,85.625,85.84375,280,7616
880428,85.78125,85.8125,85.21875,85.21875,389,7497
880429,85.125,85.46875,84.90625,85.28125,1302,8508
880502,85.0625,85.0625,84.65625,84.71875,903,8558
880503,84.96875,85.21875,84.84375,85.21875,10,8548
880504,85.34375,85.34375,85.1875,85.1875,41,8535
880505,85.15625,85.4375,85.15625,85.28125,13,8532
880506,85.28125,85.28125,84.8125,84.8125,49,8528
880509,84.78125,84.96875,84.6875,84.84375,79,8535
880510,84.90625,84.90625,84.75,84.78125,90,8542
880511,84.59375,85.0625,84.59375,84.65625,96,8543
880512,84.59375,84.71875,84.40625,84.5625,478,8552
880513,84.96875,85.25,84.96875,85,144,8558
880516,85.03125,85.03125,84.5,84.71875,537,8530
880517,84.625,84.6875,83.71875,83.71875,91,8535
880518,83.5,83.78125,82.9375,82.9375,672,8446
880519,82.96875,83.28125,82.8125,83.125,4022,8593
880520,83.28125,83.3125,82.78125,82.78125,269,8624
880523,83.15625,83.15625,82.5625,82.75,72,8583
880524,82.9375,82.96875,82.78125,82.90625,87,8509
880525,83.21875,83.21875,83.0625,83.1875,53,8520
880526,83.15625,83.40625,82.9375,83.1875,2208,10537
880527,82.71875,83.09375,82.71875,83,64,10559
880531,83.0625,83.21875,82.8125,83.21875,179,10570
880601,83.71875,84.90625,83.71875,84.90625,4316,14560
880602,85.25,85.25,84.6875,84.6875,328,14558
880603,84.71875,85.53125,84.6875,85.5,4450,18726
880606,85.6875,85.6875,85.15625,85.59375,104,18773
880607,85.15625,85.40625,85.125,85.125,7446,24986
880608,85.40625,86.09375,85.34375,86.0625,2067,26685
880609,85.78125,85.9375,85.59375,85.65625,642,26754
880610,85.90625,86.15625,85.6875,85.78125,110,26746
880613,86.1875,86.21875,85.96875,85.96875,43,26771
880614,86,88.0625,86,87.875,151,26768
880615,87.5625,87.5625,87.40625,87.4375,5,26764
880616,86.5,86.59375,86,86.15625,179,26742
880617,85.6875,85.71875,84.6875,84.9375,990,27679
880620,84.75,85.1875,84.5625,85.09375,1251,28788
880621,85.1875,85.46875,84.75,84.9375,1017,29747
880622,86.15625,86.59375,86,86.375,433,29810
880623,87.03125,87.0625,86.625,86.6875,451,30007
880624,86.90625,87.3125,86.75,86.84375,122,30096
880627,86.40625,86.5625,85.90625,85.90625,15,30089
880628,85.8125,86.78125,85.8125,86.75,1078,31146
880629,87,87,86.21875,86.4375,387,31222
880630,86.4375,87.09375,86.25,87.0625,6489,26786
880701,87.0625,87.71875,87,87.15625,469,26894
880705,86.65625,86.8125,86.53125,86.8125,77,26933
880706,86.75,86.75,86,86,3354,29761
880707,85.71875,85.90625,85.15625,85.84375,1777,31355
880708,85.625,85.75,84.84375,84.96875,9539,39065
880711,85.1875,85.375,84.90625,85.375,5509,45605
880712,85.25,85.3125,84.84375,84.84375,451,45726
880713,84.6875,85.125,83.9375,84.1875,269,45922
880714,84.28125,84.4375,84,84.3125,2015,47609
880715,84.65625,84.78125,84.5,84.75,2309,48945
880718,84.96875,84.96875,83.8125,84.125,2964,51010
880719,84.03125,84.59375,84,84.5,1689,51685
880720,84.53125,84.5625,84.25,84.375,335,51995
880721,84.46875,84.53125,83.8125,84.125,848,52470
880722,84.1875,84.8125,84,84.8125,4820,53260
880725,84.71875,85.3125,84.71875,85.21875,1043,52546
880726,85.21875,85.40625,84.90625,85.1875,98,52520
880727,84.875,85.25,84.4375,84.5,935,52650
880728,84.4375,84.65625,84.1875,84.375,1513,52260
880729,84.46875,85,84.46875,84.78125,611,52595
880801,84.9375,85.3125,84.875,85.28125,182,52612
880802,85.46875,86.09375,85.46875,86.0625,1574,53036
880803,86.09375,86.15625,85.78125,85.9375,76,52966
880804,85.9375,86.53125,85.9375,86.375,1201,53069
880805,86.375,86.375,85.34375,85.46875,2542,54776
880808,85.46875,85.75,85.40625,85.71875,902,55203
880809,85.71875,86.03125,84.84375,85.09375,1032,55536
880810,85.125,85.125,83.78125,83.84375,465,55576
880811,83.6875,84,83.375,83.625,10056,55908
880812,83.65625,83.75,83.09375,83.53125,2762,53522
880815,83.25,83.40625,83.03125,83.34375,1305,54002
880816,83.28125,83.78125,82.625,83.6875,9615,56995
880817,83.59375,83.84375,83.21875,83.375,1586,57451
880818,83.28125,83.8125,83.25,83.59375,248,57563
880819,83.65625,84.0625,83.5,83.625,210,57548
880822,83.65625,83.84375,83.28125,83.34375,332,57707
880823,83.34375,84.0625,83.3125,83.84375,485,57833
880824,84,84.125,83.78125,83.84375,125,57853
880825,83.15625,83.46875,83.03125,83.4375,4490,61255
880826,83.40625,83.75,83.34375,83.71875,497,61248
880829,83.875,84.53125,83.875,84.46875,681,61420
880830,84.5625,84.84375,84.25,84.65625,634,61609
880831,84.65625,85.15625,84.59375,84.9375,853,61596
880901,84.9375,85,84.59375,84.9375,497,61684
880902,84.96875,87.78125,84.9375,87.03125,4958,62358
880906,87.3125,87.375,86.8125,87.15625,1031,62648
880907,87.0625,87.90625,87.03125,87.125,1303,63136
880908,87,87.3125,86.9375,87.125,622,63184
880909,87.34375,88,86.84375,87.9375,3900,62500
880912,87.875,88,87.3125,87.3125,419,62906
880913,87.375,87.5625,87.125,87.5,332,62982
880914,87.59375,88.6875,87.5625,88,1565,63471
880915,87.9375,88.21875,87.5625,87.65625,3534,64345
880916,87.65625,87.78125,87.34375,87.65625,668,63978
880919,87.71875,87.71875,87.15625,87.21875,1439,63947
880920,87.1875,87.4375,87.09375,87.3125,1395,64364
880921,87.375,87.78125,87.375,87.65625,635,64556
880922,87.6875,87.8125,87.21875,87.34375,1418,64955
880923,87.34375,87.40625,86.84375,87.375,3521,66353
880926,87.40625,87.46875,86.875,86.96875,6524,69983
880927,86.96875,87.09375,86.625,86.75,324,69870
880928,86.625,86.6875,86.34375,86.5625,4050,70519
880929,86.90625,87.3125,86.6875,87.25,7455,71902
880930,87.4375,88.46875,87.34375,88.25,5292,73027
881003,88.1875,88.5625,88.03125,88.34375,7681,72200
881004,88.3125,88.40625,88.0625,88.15625,2702,72811
881005,88.15625,88.625,88.03125,88.125,7459,71015
881006,88.25,88.28125,87.9375,88.25,3385,70601
881007,88.375,89.875,88.375,89.8125,24392,61386
881010,89.78125,89.8125,89.3125,89.46875,3550,61727
881011,89.46875,89.53125,89.15625,89.375,7813,62078
881012,89.34375,89.34375,88.5,88.5625,5885,64793
881013,88.8125,88.8125,87.96875,88.59375,6018,67832
881014,88.65625,89.53125,88.53125,88.9375,13893,59242
881017,88.84375,89.25,88.6875,89.1875,1992,59383
881018,89.15625,89.3125,89,89.25,7817,60554
881019,89.375,89.53125,88.65625,88.71875,5310,58077
881020,88.6875,89.15625,88.5625,89.0625,4254,57813
881021,89.125,89.125,88.625,88.875,7001,56134
881024,88.5625,89,88.0625,88.6875,12323,58356
881025,88.6875,88.9375,88.4375,88.71875,5826,60443
881026,88.75,89.15625,88.6875,88.96875,13365,56619
881027,88.96875,89.875,88.8125,89.8125,7144,59803
881028,89.8125,90.34375,89.625,90.1875,12624,62035
881031,90.09375,90.875,89.9375,90.84375,10700,64217
881101,90.75,90.9375,90.375,90.5,13936,67350
881102,90.375,90.46875,90,90.09375,10095,69285
881103,90.3125,90.6875,90.125,90.65625,4185,69692
881104,90.75,90.90625,89.125,89.21875,14085,71917
881107,89.1875,89.21875,88.6875,88.75,16520,75320
881108,88.8125,89.25,88.71875,88.84375,20014,82832
881109,89.0625,89.40625,88.21875,88.625,12187,83578
881110,88.625,88.90625,88.40625,88.78125,23297,91766
881111,88.78125,88.78125,88.125,88.1875,5458,94168
881114,88.0625,88.625,87.875,88.5625,8434,99971
881115,88.5,88.59375,87.9375,88.53125,12932,103771
881116,88.5,88.8125,87.71875,87.78125,27699,109341
881117,87.65625,87.9375,87.25,87.375,30609,111891
881118,87.125,87.8125,87.09375,87.5,21191,118301
881121,87.625,87.75,87.40625,87.625,15866,124944
881122,87.625,87.78125,87.09375,87.625,22849,132694
881123,87.59375,87.71875,87.4375,87.6875,22981,139824
881125,87,87.09375,86.65625,86.96875,10474,142352
881128,87.25,87.65625,86.71875,87.375,43403,158229
881129,87.375,87.65625,87.15625,87.59375,27585,163503
881130,87.53125,88.28125,87.53125,88.09375,83324,187790
881201,88.125,88.5,88.03125,88.46875,40341,195267
881202,88.4375,88.625,87.15625,87.21875,55761,200600
881205,87.21875,87.625,87.1875,87.59375,60088,223899
881206,87.59375,89.34375,87.59375,89.3125,403504,255480
881207,89.53125,89.84375,88.90625,89.21875,501819,267897
881208,89.125,89.375,88.78125,89.21875,266706,260987
881209,89.28125,89.46875,88.875,89.21875,225467,270289
881212,89.34375,89.8125,89.28125,89.34375,177649,269114
881213,89.28125,89.4375,88.9375,89.0625,215089,268220
881214,89.0625,89.375,88.15625,88.21875,382697,280338
881215,88.28125,88.5,88,88.25,261871,286335
881216,88.375,88.65625,88.21875,88.375,174787,282444
881219,88.34375,88.59375,88.28125,88.53125,108859,294918
881220,88.46875,89.75,88.46875,89.40625,310677,301342
881221,89.46875,89.6875,89.25,89.46875,132316,296253
881222,89.5,89.71875,89.375,89.59375,118561,292628
881223,89.625,90.125,89.5625,90,72661,293460
881227,89.9375,89.96875,89.375,89.4375,75345,284597
881228,89.3125,89.625,88.78125,89.03125,136515,280784
881229,89,89.25,88.9375,89.03125,79762,276439
881230,89.0625,89.21875,88.875,89.125,45656,278396
890103,88.625,88.625,88.15625,88.28125,154435,285115
890104,88.3125,88.65625,88.25,88.40625,188171,292072
890105,88.375,88.53125,88,88.28125,241469,293379
890106,88.34375,88.75,87.9375,88.6875,224332,293733
890109,88.78125,89.15625,88.71875,88.78125,168233,290746
890110,88.78125,89.09375,88.6875,88.8125,209000,287911
890111,88.875,89,88.75,88.8125,140003,293834
890112,88.84375,89.65625,88.65625,89.59375,258032,301931
890113,89.5,90.6875,89.46875,90.40625,471346,306949
890116,90.3125,90.5625,90.1875,90.1875,48124,300287
890117,90.21875,90.53125,90.03125,90.375,183134,304203
890118,90.34375,91.1875,89.9375,90.8125,511054,309759
890119,90.84375,91.15625,90.5,90.625,331347,307935
890120,90.65625,90.71875,90.25,90.3125,177689,297327
890123,90.28125,90.65625,90.21875,90.53125,123769,297195
890124,90.53125,91.5625,90.375,91.3125,430384,309386
890125,91.28125,91.6875,90.8125,90.9375,347362,305913
890126,90.875,91.09375,90.40625,91.03125,323704,315638
890127,91.09375,91.84375,90.9375,91.4375,400633,318015
890130,91.46875,91.59375,90.84375,90.9375,239093,318154
890131,90.9375,91.1875,90.5625,90.8125,298693,313638
890201,90.90625,91.03125,90.59375,90.90625,184048,310972
890202,91.09375,91.21875,90.90625,91.09375,166324,310479
890203,91.09375,91.1875,90.375,90.875,313621,305655
890206,90.96875,91.03125,90.71875,90.9375,140349,304213
890207,90.8125,91.375,90.625,91.34375,270609,292490
890208,91.40625,91.625,91.125,91.15625,361810,283366
890209,90.96875,90.96875,89.5625,89.625,502777,272501
890210,89.46875,89.5625,88.40625,88.875,473688,250362
890213,89,89,88.59375,88.65625,147422,245348
890214,88.625,89,88.3125,88.375,337866,239472
890215,88.3125,88.84375,88.25,88.5625,295037,237001
890216,88.65625,89.0625,88.65625,88.75,187241,233513
890217,88.8125,89,88.40625,88.90625,218519,220809
890221,89.1875,89.3125,88.53125,88.875,220324,212591
890222,88.875,88.875,88,88.25,395659,214608
890223,88.21875,88.25,87.5625,87.78125,388298,187378
890224,88,88.28125,87.40625,87.65625,351321,158880
890227,87.59375,87.90625,87.3125,87.875,227211,142657
890228,87.875,88.21875,87.75,88.09375,250068,118746
890301,88.21875,88.5,87.5625,87.59375,305666,112086
890302,87.40625,88.15625,87.40625,88.125,258081,94416
890303,88.15625,88.25,87.71875,88.15625,42084,74327
890306,88.09375,88.53125,88.03125,88.46875,17287,65996
890307,88.5625,88.6875,88.25,88.5,21156,54813
890308,88.4375,88.875,88.21875,88.8125,10558,49863
890309,88.8125,88.8125,88.5,88.6875,9782,45010
890310,88.6875,88.8125,87.875,87.90625,31060,35178
890313,87.90625,88.125,87.71875,87.90625,11483,33056
890314,87.84375,88.28125,87.8125,88.15625,5940,30242
890315,88.1875,88.5625,88.03125,88.1875,5768,24881
890316,88.25,88.53125,88.1875,88.3125,3924,22150
890317,88.28125,88.4375,86.40625,86.59375,16073,16639
890320,86.625,86.75,86.40625,86.5,10386,13599
890321,86.34375,86.875,86.3125,86.53125,4716,11349
