870922,77.4375,77.4375,77.4375,77.4375,2,0
870923,77.3125,77.3125,77.3125,77.3125,0,0
870924,76.3125,76.3125,76.3125,76.3125,0,0
870925,76.1875,76.1875,76.1875,76.1875,0,0
870928,76.375,76.375,76.375,76.375,0,0
870929,75.59375,75.59375,75.59375,75.59375,0,0
870930,75.3125,75.875,75.3125,75.875,0,0
871001,75.78125,75.78125,75.78125,75.78125,0,0
871002,76.65625,76.65625,76.65625,76.65625,0,0
871005,75.78125,75.78125,75.78125,75.78125,0,0
871006,75.78125,75.78125,75.78125,75.78125,0,0
871007,76.46875,76.46875,75.8125,75.8125,10,5
871008,75.28125,75.4375,75.21875,75.21875,52,57
871009,75.15625,75.15625,75,75.15625,13,69
871012,74.75,74.75,74.75,74.75,0,69
871013,75.5,75.5,75.5,75.5,0,69
871014,73.71875,73.71875,73.71875,73.71875,0,69
871015,73.5625,73.5625,73.5625,73.5625,0,69
871016,73.28125,73.28125,73.28125,73.28125,0,69
871019,72.9375,72.9375,72.9375,72.9375,0,69
871020,75.9375,75.9375,75.9375,75.9375,0,69
871021,77.78125,77.78125,77.78125,77.78125,0,69
871022,80.1875,80.1875,80.1875,80.1875,0,69
871023,80.40625,80.40625,80.40625,80.40625,0,69
871026,82,82,82,82,0,69
871027,81.09375,81.09375,81.09375,81.09375,0,69
871028,80,80,80,80,0,69
871029,80.6875,80.6875,80.6875,80.6875,0,69
871030,81.46875,81.46875,81.46875,81.46875,0,69
871102,81.09375,81.09375,81.09375,81.09375,0,69
871103,82.375,82.375,82.375,82.375,0,69
871104,83.40625,83.40625,83.40625,83.40625,0,69
871105,84.25,84.28125,84.25,84.28125,3,72
871106,83.75,83.75,83.75,83.75,0,72
871109,83.53125,83.53125,83.53125,83.53125,0,72
871110,83.21875,83.21875,83.21875,83.21875,0,72
871111,82.9375,82.9375,82.78125,82.78125,0,72
871112,83.09375,83.09375,83.09375,83.09375,0,72
871113,82.96875,83.03125,82.71875,82.71875,10,62
871116,83.15625,83.15625,83.15625,83.15625,0,62
871117,82.625,82.625,82.625,82.625,0,62
871118,82.78125,82.78125,82.78125,82.78125,0,62
871119,83.0625,83.09375,83.0625,83.0625,5,62
871120,83.4375,83.4375,83.4375,83.4375,0,62
871123,83.15625,83.15625,83.15625,83.15625,0,62
871124,82.71875,82.71875,82.625,82.625,10,53
871125,82.125,82.125,82.125,82.125,0,53
871127,80.9375,80.9375,80.9375,80.9375,0,53
871130,81.40625,81.40625,81.40625,81.40625,0,53
871201,80.65625,80.65625,80.65625,80.65625,0,53
871202,81.125,81.125,81.125,81.125,0,53
871203,81.65625,81.65625,81.65625,81.65625,0,53
871204,81.40625,81.40625,81.40625,81.40625,0,53
871207,80.28125,80.28125,80.28125,80.28125,0,53
871208,79.96875,79.96875,79.96875,79.96875,0,53
871209,80.40625,80.40625,80.40625,80.40625,0,53
871210,78.625,78.625,78.625,78.625,0,53
871211,78.0625,78.0625,78.0625,78.0625,0,53
871214,78.46875,78.46875,78.46875,78.46875,0,53
871215,80,80,80,80,0,53
871216,80.9375,80.9375,80.9375,80.9375,0,53
871217,80.40625,80.40625,80.40625,80.40625,0,53
871218,82.25,82.25,82.25,82.25,0,53
871221,82.09375,82.09375,82.09375,82.09375,0,53
871222,81.59375,81.59375,81.59375,81.59375,0,53
871223,82.75,82.75,82.75,82.75,0,53
871224,83,83,82.46875,82.46875,6,47
871228,81.6875,81.6875,81.6875,81.6875,0,47
871229,82.15625,82.15625,82.15625,82.15625,0,47
871230,82.34375,82.34375,82.34375,82.34375,0,47
871231,81.78125,81.78125,81.53125,81.53125,29,32
880104,81.96875,81.96875,81.96875,81.96875,0,32
880105,82.59375,82.59375,82.59375,82.59375,0,32
880106,81.8125,81.8125,81.8125,81.8125,0,32
880107,81.40625,81.90625,81.1875,81.90625,37,33
880108,80.625,80.625,80.03125,80.03125,1,32
880111,80.90625,80.90625,80.90625,80.90625,0,32
880112,80.71875,80.71875,80.71875,80.71875,0,32
880113,81.53125,81.53125,81.53125,81.53125,0,32
880114,81.5,81.5,81.5,81.5,0,32
880115,84.1875,84.1875,84.1875,84.1875,0,32
880118,83.8125,83.8125,83.8125,83.8125,0,32
880119,83.875,83.875,83.875,83.875,0,32
880120,84.1875,84.1875,84.1875,84.1875,0,32
880121,84.8125,84.8125,84.8125,84.8125,0,32
880122,85.25,85.25,85.25,85.25,0,32
880125,85.5625,85.625,85.5625,85.625,2,32
880126,84.75,84.75,84.75,84.75,0,32
880127,86.125,86.125,86.125,86.125,0,32
880128,86.84375,86.84375,86.84375,86.84375,0,32
880129,87.46875,87.46875,87.46875,87.46875,0,32
880201,87.40625,87.40625,87.40625,87.40625,0,32
880202,87.9375,88.40625,87.9375,88.15625,6,26
880203,87.28125,87.28125,87.28125,87.28125,0,26
880204,86.875,87.375,86.875,87.375,1,25
880205,87.9375,87.9375,87.9375,87.9375,0,25
880208,87.46875,87.46875,87.46875,87.46875,0,25
880209,87.65625,87.65625,87.65625,87.65625,0,25
880210,88.15625,88.15625,88.15625,88.15625,0,25
880211,87.53125,87.53125,87.5,87.53125,2,24
880212,86.46875,86.46875,86.46875,86.46875,0,24
880216,86.375,86.375,86.375,86.375,0,24
880217,86.15625,86.15625,86.15625,86.15625,0,24
880218,86.40625,86.40625,86.40625,86.40625,0,24
880219,86.75,86.75,86.75,86.75,0,24
880222,86.9375,86.9375,86.9375,86.9375,0,24
880223,87.5625,87.5625,87.5625,87.5625,0,24
880224,87.625,87.625,87.625,87.625,0,24
880225,87.0625,87.0625,87.0625,87.0625,0,24
880226,87.53125,87.53125,87.53125,87.53125,0,24
880229,87.6875,87.6875,87.6875,87.6875,0,24
880301,87.75,87.75,87.75,87.75,0,24
880302,88.0625,88.0625,88.0625,88.0625,0,24
880303,88.21875,88.21875,88.21875,88.21875,0,24
880304,86.53125,86.53125,86.53125,86.53125,0,24
880307,86.15625,86.15625,86.15625,86.15625,0,24
880308,85.9375,85.9375,85.9375,85.9375,0,24
880309,86.09375,86.09375,86.09375,86.09375,0,24
880310,85.625,85.625,85.625,85.625,0,24
880311,86.21875,86.21875,86.21875,86.21875,0,24
880314,86.25,86.25,86.25,86.25,0,24
880315,86.28125,86.28125,86.28125,86.28125,0,24
880316,85.59375,85.59375,85.59375,85.59375,0,24
880317,86.28125,86.28125,86.28125,86.28125,0,24
880318,85,85,85,85,0,24
880321,84.65625,84.65625,84.65625,84.65625,0,24
880322,84.6875,84.6875,84.6875,84.6875,0,24
880323,84.21875,84.21875,84.21875,84.21875,0,24
880324,84.15625,84.15625,84.15625,84.15625,0,24
880325,84.59375,84.59375,84.59375,84.59375,0,24
880328,83.5625,83.5625,83.5625,83.5625,0,24
880329,83.90625,83.90625,83.90625,83.90625,0,24
880330,83.59375,83.59375,83.59375,83.59375,0,24
880331,83.78125,83.78125,83.78125,83.78125,0,24
880404,83.125,83.125,83.125,83.125,0,24
880405,83.25,83.25,83.25,83.25,0,24
880406,84.09375,84.09375,84.09375,84.09375,0,24
880407,84.125,84.125,84.125,84.125,0,24
880408,84.15625,84.96875,84.15625,84.96875,0,24
880411,84.1875,84.1875,84.1875,84.1875,0,24
880412,84.625,84.625,84.625,84.625,0,24
880413,84.71875,84.71875,84.71875,84.71875,0,24
880414,83.46875,83.46875,83.46875,83.46875,0,24
880415,83.03125,83.03125,83.03125,83.03125,0,24
880418,82.625,82.625,82.625,82.625,0,24
880419,82.28125,82.28125,82.28125,82.28125,0,24
880420,82.4375,82.4375,82.4375,82.4375,0,24
880421,82.46875,82.46875,82.40625,82.40625,5,20
880422,82.5625,82.5625,82.5625,82.5625,0,20
880425,82.59375,82.59375,82.59375,82.59375,0,20
880426,82.4375,82.4375,82.4375,82.4375,0,20
880427,82.375,82.53125,82.34375,82.53125,2,18
880428,82,82,82,82,0,18
880429,82.125,82.125,82.125,82.125,0,18
880502,81.65625,81.65625,81.5625,81.5625,1,17
880503,81.96875,81.96875,81.96875,81.96875,0,17
880504,82.03125,82.03125,82.03125,82.03125,0,17
880505,82.0625,82.0625,82.0625,82.0625,0,17
880506,81.625,81.625,81.625,81.625,0,17
880509,81.6875,81.6875,81.6875,81.6875,0,17
880510,81.625,81.625,81.625,81.625,0,17
880511,81.5,81.5,81.5,81.5,0,17
880512,81.40625,81.40625,81.40625,81.40625,0,17
880513,81.6875,81.6875,81.6875,81.6875,0,17
880516,81.40625,81.40625,81.40625,81.40625,0,17
880517,80.53125,80.53125,80.53125,80.53125,0,17
880518,80.1875,80.1875,79.71875,79.71875,52,57
880519,79.875,79.875,79.59375,79.59375,40,77
880520,79.40625,79.40625,79.40625,79.40625,0,77
880523,79.375,79.40625,79.375,79.40625,5,82
880524,79.5625,79.5625,79.5625,79.5625,0,82
880525,79.71875,79.8125,79.71875,79.8125,5,87
880526,79.84375,79.96875,79.84375,79.96875,3,87
880527,79.8125,79.8125,79.8125,79.8125,0,87
880531,80,80,80,80,0,87
880601,81.59375,81.59375,81.59375,81.59375,0,87
880602,81.46875,81.46875,81.46875,81.46875,0,87
880603,82.28125,82.28125,82.28125,82.28125,0,87
880606,82.3125,82.3125,82.3125,82.3125,0,87
880607,81.875,81.875,81.875,81.875,0,87
880608,82.8125,82.8125,82.8125,82.8125,0,87
880609,82.375,82.375,82.375,82.375,0,87
880610,82.53125,82.53125,82.53125,82.53125,0,87
880613,82.71875,82.71875,82.71875,82.71875,0,87
880614,84.5625,84.5625,84.5625,84.5625,0,87
880615,84.125,84.125,84.125,84.125,0,87
880616,82.78125,82.78125,82.78125,82.78125,0,87
880617,81.46875,81.46875,81.46875,81.46875,0,87
880620,81.5625,81.5625,81.5625,81.5625,0,87
880621,81.8125,81.8125,81.40625,81.40625,6,91
880622,81.6875,82.84375,81.6875,82.84375,5,96
880623,83.0625,83.0625,83.0625,83.0625,5,91
880624,83.21875,83.21875,83.21875,83.21875,0,91
880627,82.28125,82.28125,82.28125,82.28125,0,91
880628,83.21875,83.21875,83.21875,83.21875,0,91
880629,82.90625,82.90625,82.90625,82.90625,0,91
880630,83.78125,83.78125,83.78125,83.78125,0,91
880701,83.78125,83.78125,83.78125,83.78125,0,91
880705,83.46875,83.46875,83.46875,83.46875,0,91
880706,82.75,82.75,82.75,82.75,0,91
880707,81.96875,82.6875,81.9375,82.6875,10,98
880708,81.96875,81.96875,81.96875,81.96875,0,98
880711,82.3125,82.3125,82.3125,82.3125,0,98
880712,81.75,81.75,81.75,81.75,0,98
880713,81.03125,81.03125,81.03125,81.03125,0,98
880714,81.15625,81.15625,81.15625,81.15625,0,98
880715,81.75,81.75,81.75,81.75,0,98
880718,81.21875,81.21875,81.21875,81.21875,0,98
880719,81.71875,81.71875,81.375,81.53125,0,98
880720,81.40625,81.40625,81.40625,81.40625,0,98
880721,81.1875,81.1875,81.1875,81.1875,0,98
880722,81.90625,81.90625,81.90625,81.90625,0,98
880725,82.375,82.375,82.375,82.375,0,98
880726,82.5,82.5,82.5,82.5,0,98
880727,82.6875,82.6875,81.8125,81.8125,4,94
880728,81.6875,81.6875,81.6875,81.6875,0,94
880729,81.96875,81.96875,81.96875,81.96875,0,94
880801,82.53125,82.53125,82.53125,82.53125,0,94
880802,83.28125,83.28125,83.28125,83.28125,0,94
880803,83.03125,83.15625,83.03125,83.15625,5,94
880804,83.5625,83.5625,83.5625,83.5625,0,94
880805,82.75,82.75,82.75,82.75,0,94
880808,83.03125,83.03125,83.03125,83.03125,0,94
880809,82.75,82.75,82.5625,82.59375,1,94
880810,81.9375,81.9375,81.46875,81.46875,3,94
880811,81.25,81.25,81.25,81.25,0,94
880812,80.9375,81.1875,80.9375,81.15625,26,94
880815,80.96875,80.96875,80.96875,80.96875,0,94
880816,81.15625,81.15625,81.15625,81.15625,0,94
880817,80.875,80.875,80.875,80.875,0,94
880818,81.09375,81.09375,81.09375,81.09375,0,94
880819,81.0625,81.0625,81.0625,81.0625,0,94
880822,80.78125,80.78125,80.78125,80.78125,0,94
880823,81.28125,81.28125,81.28125,81.28125,0,94
880824,81.28125,81.28125,81.28125,81.28125,0,94
880825,80.65625,81,80.65625,81,5,89
880826,81.28125,81.28125,81.28125,81.28125,0,89
880829,81.65625,81.96875,81.65625,81.96875,26,69
880830,82.15625,82.15625,82.15625,82.15625,0,69
880831,82.4375,82.4375,82.4375,82.4375,0,69
880901,82.46875,82.46875,82.46875,82.46875,0,69
880902,84.5,84.5,84.5,84.5,0,69
880906,84.5625,84.5625,84.5625,84.5625,0,69
880907,84.625,84.625,84.625,84.625,0,69
880908,84.65625,84.65625,84.65625,84.65625,0,69
880909,85.4375,85.4375,85.4375,85.4375,0,69
880912,84.8125,84.8125,84.8125,84.8125,0,69
880913,85,85,85,85,0,69
880914,85.5,85.5,85.5,85.5,0,69
880915,85.0625,85.15625,85.0625,85.15625,5,66
880916,85.15625,85.15625,85.15625,85.15625,0,66
880919,84.78125,84.78125,84.78125,84.78125,0,66
880920,84.84375,84.84375,84.84375,84.84375,0,66
880921,85.1875,85.1875,85.1875,85.1875,0,66
880922,84.875,84.875,84.875,84.875,0,66
880923,84.90625,84.90625,84.90625,84.90625,0,66
880926,84.5,84.5,84.5,84.5,0,66
880927,84.40625,84.5,84.25,84.28125,2,66
880928,83.96875,84.1875,83.96875,84.1875,0,66
880929,84.96875,84.96875,84.96875,84.96875,0,66
880930,85.96875,85.96875,85.96875,85.96875,0,66
881003,86,86,86,86,0,66
881004,85.875,85.875,85.875,85.875,0,66
881005,86.3125,86.3125,85.8125,85.8125,5,71
881006,85.84375,86.0625,85.8125,86.0625,17,88
881007,86.90625,87.75,86.90625,87.75,20,73
881010,87.3125,87.3125,87.3125,87.3125,0,73
881011,87.1875,87.1875,87.1875,87.1875,0,73
881012,86.375,86.375,86.375,86.375,0,73
881013,86.5,86.5,86.5,86.5,0,73
881014,86.75,86.75,86.75,86.75,0,73
881017,86.96875,86.96875,86.96875,86.96875,0,73
881018,87.09375,87.09375,86.84375,87.09375,290,363
881019,86.59375,86.59375,86.59375,86.59375,0,363
881020,87,87,86.9375,86.9375,10,363
881021,86.90625,86.90625,86.5625,86.78125,55,418
881024,86.5625,86.5625,86.5625,86.5625,0,418
881025,86.53125,86.6875,86.53125,86.59375,87,500
881026,86.84375,86.84375,86.75,86.8125,149,647
881027,87.59375,87.59375,87.59375,87.59375,0,647
881028,87.59375,87.90625,87.59375,87.90625,58,690
881031,87.59375,88.5625,87.59375,88.5625,2,688
881101,88.28125,88.28125,88.28125,88.28125,0,688
881102,88.09375,88.15625,87.875,87.875,30,718
881103,88,88.4375,88,88.4375,4,718
881104,87.28125,87.4375,87.0625,87.125,35,749
881107,86.75,86.75,86.75,86.75,0,749
881108,86.9375,87.25,86.84375,86.84375,39,753
881109,86.46875,86.71875,86.375,86.71875,154,753
881110,86.625,86.84375,86.625,86.84375,1,753
881111,86.34375,86.34375,86.34375,86.34375,0,753
881114,86.625,86.625,86.625,86.625,0,753
881115,86.625,86.6875,86.625,86.6875,2,751
881116,86.46875,86.5625,86.1875,86.1875,286,752
881117,86,86,85.71875,85.71875,0,752
881118,86,86,85.78125,85.78125,3,755
881121,85.84375,85.84375,85.84375,85.84375,0,755
881122,85.90625,85.90625,85.90625,85.90625,0,755
881123,86,86,86,86,0,755
881125,85.21875,85.40625,85.1875,85.40625,66,785
881128,85.375,85.9375,85.375,85.9375,112,889
881129,86.03125,86.0625,86.03125,86.0625,106,783
881130,86.5625,86.5625,86.53125,86.53125,5,781
881201,86.90625,86.90625,86.90625,86.90625,0,781
881202,86.09375,86.09375,85.84375,85.84375,1,782
881205,86.09375,86.09375,86.09375,86.09375,0,782
881206,87.8125,87.8125,87.8125,87.8125,0,782
881207,87.6875,88.21875,87.6875,87.84375,1023,1350
881208,87.875,87.875,87.875,87.875,0,1350
881209,87.78125,87.875,87.78125,87.875,9,1341
881212,87.96875,87.96875,87.96875,87.96875,0,1341
881213,87.71875,87.71875,87.71875,87.71875,0,1341
881214,86.84375,86.84375,86.84375,86.84375,0,1341
881215,87,87.09375,86.90625,87,533,1862
881216,87.4375,87.46875,87.34375,87.34375,2,1864
881219,87.28125,87.53125,87.25,87.5,14,1861
881220,88.28125,88.28125,88.28125,88.28125,0,1861
881221,88.25,88.25,88.25,88.25,0,1861
881222,88.34375,88.34375,88.34375,88.34375,0,1861
881223,88.71875,88.71875,88.71875,88.71875,0,1861
881227,88.1875,88.1875,88.1875,88.1875,0,1861
881228,87.875,88,87.75,87.96875,22,1883
881229,88.125,88.125,87.9375,87.9375,2,1884
881230,87.84375,88.09375,87.84375,88.03125,210,1817
890103,87.3125,87.3125,87.125,87.25,3,1819
890104,87.625,87.65625,87.5,87.59375,2,1817
890105,87.6875,87.71875,87.59375,87.59375,71,1792
890106,87.78125,87.96875,87.71875,87.96875,100,1787
890109,88.1875,88.375,88.09375,88.09375,15,1787
890110,88.3125,88.34375,88.0625,88.0625,50,1789
890111,88.09375,88.15625,88.03125,88.09375,3,1791
890112,88.875,88.875,88.875,88.875,1,1790
890113,89.75,89.9375,89.6875,89.6875,110,1890
890116,89.78125,89.78125,89.40625,89.4375,139,1935
890117,89.53125,89.6875,89.53125,89.6875,10,1945
890118,89.75,90.375,89.46875,90.03125,192,2027
890119,89.78125,89.78125,89.65625,89.71875,5,2029
890120,89.6875,89.6875,89.5,89.5,3,2029
890123,89.75,89.8125,89.6875,89.75,18,2042
890124,89.71875,90.5625,89.71875,90.46875,270,2139
890125,90.625,90.90625,90.1875,90.25,120,2135
890126,90.0625,90.40625,89.9375,90.40625,109,2144
890127,90.84375,91.15625,90.8125,90.8125,778,2263
890130,90.75,90.75,90.28125,90.3125,36,2274
890131,90.46875,90.5,90.03125,90.1875,72,2262
890201,90.09375,90.34375,90.09375,90.3125,1049,3146
890202,90.5,90.5625,90.5,90.53125,60,3196
890203,90.15625,90.5625,90.15625,90.5,802,2778
890206,90.46875,90.6875,90.46875,90.6875,1775,2126
890207,90.625,91.09375,90.5,91.09375,72,2147
890208,91.0625,91.25,90.625,90.625,227,2010
890209,90.09375,90.09375,89,89,90,1991
890210,88,88.4375,87.9375,88.34375,680,2231
890213,88.1875,88.28125,88.09375,88.09375,66,2210
890214,88,88.3125,87.8125,87.8125,132,2249
890215,87.75,88.1875,87.75,87.9375,1030,2894
890216,88.25,88.25,88.09375,88.1875,299,2754
890217,88.15625,88.34375,87.9375,88.34375,44,2764
890221,88.65625,88.65625,88.09375,88.3125,306,2927
890222,88.03125,88.03125,87.625,87.71875,486,2811
890223,87.71875,87.71875,87.1875,87.5,292,2845
890224,87.96875,87.96875,87.21875,87.5,783,2739
890227,87.375,87.78125,87.375,87.78125,224,2844
890228,88,88.0625,88,88.03125,131,2750
890301,88.40625,88.40625,87.5625,87.5625,195,2745
890302,87.5625,88.03125,87.53125,88.03125,81,2814
890303,87.71875,88,87.71875,88,100,2823
890306,88.1875,88.34375,88.15625,88.3125,79,2805
890307,88.34375,88.34375,88.15625,88.3125,759,2655
890308,88.09375,88.59375,88.09375,88.59375,165,2643
890309,88.40625,88.46875,88.3125,88.46875,9,2642
890310,88.15625,88.21875,87.875,87.875,1703,3023
890313,87.8125,88.09375,87.8125,87.96875,660,3140
890314,88.1875,88.3125,88.1875,88.25,648,3195
890315,88.34375,88.40625,88.09375,88.1875,238,3213
890316,88.25,88.46875,88.21875,88.28125,52,3233
890317,88.40625,88.40625,86.71875,86.84375,680,2838
890320,86.90625,86.90625,86.75,86.75,361,3118
890321,86.5625,87,86.5625,86.78125,1127,2935
890322,87.09375,87.34375,87.09375,87.28125,121,2934
890323,87.28125,87.5625,87.28125,87.4375,1018,3051
890327,87.28125,87.5,87.28125,87.5,263,3115
890328,87.59375,87.8125,87.59375,87.75,25,3118
890329,88,88.125,88,88.125,7,3119
890330,88.21875,88.5,88.0625,88.1875,12,3128
890331,88.25,88.5625,88.1875,88.5625,35,3104
890403,88.8125,89.34375,88.75,88.75,953,3316
890404,88.78125,89.0625,88.78125,89.0625,248,3113
890405,89.125,89.25,88.96875,89.21875,307,3212
890406,88.96875,89.03125,88.875,88.9375,371,2994
890407,88.84375,88.875,88.34375,88.34375,285,3037
890410,88.125,88.40625,88.125,88.40625,39,3030
890411,88.4375,88.53125,88.3125,88.34375,7,3033
890412,88.34375,88.34375,88.21875,88.34375,21,3044
890413,88.09375,88.1875,88,88,244,2965
890414,87.9375,88.90625,87.875,88.875,516,2940
890417,88.6875,88.75,88.65625,88.65625,20,2951
890418,88.625,89.625,88.625,89.5625,226,2967
890419,89.3125,89.5625,89.3125,89.5625,646,3331
890420,89.8125,89.875,88.84375,88.84375,1336,3736
890421,89.0625,89.28125,89.0625,89.21875,155,3652
890424,89.1875,89.21875,89.15625,89.21875,21,3663
890425,89.3125,89.46875,89.25,89.375,74,3635
890426,89.5,89.78125,89.34375,89.40625,483,3238
890427,89.46875,89.9375,89.375,89.625,487,3277
890428,89.9375,90.0625,89.75,89.84375,445,3369
890501,89.21875,89.21875,89.09375,89.09375,225,3335
890502,89.125,89.5,89.125,89.5,93,3326
890503,89.5,89.65625,89.375,89.65625,281,3232
890504,89.09375,89.21875,89.09375,89.1875,188,3286
890505,89.09375,89.8125,89.09375,89.5625,824,3440
890508,89.21875,89.25,89.09375,89.25,147,3392
890509,89.0625,89.0625,88.375,88.375,73,3381
890510,88.4375,88.4375,88.03125,88.0625,151,3383
890511,88.28125,88.4375,88.1875,88.4375,38,3365
890512,88.78125,90.3125,88.78125,90.1875,924,3159
890515,90.375,90.375,90.1875,90.28125,1762,3425
890516,90.0625,90.3125,90.0625,90.3125,56,3316
890517,90.6875,90.6875,90.40625,90.6875,275,3286
890518,90.71875,90.9375,90.625,90.90625,26,3279
890519,91.3125,91.84375,91.3125,91.53125,1532,3929
890522,92.25,92.5625,92.1875,92.5625,1292,4346
890523,92.6875,92.6875,92.125,92.3125,1942,4745
890524,92.3125,92.75,92.0625,92.3125,617,4986
890525,92.0625,92.4375,91.96875,92.03125,1347,4105
890526,91.71875,92.65625,91.71875,92.5,812,4400
890530,92.875,92.90625,92.375,92.375,441,4096
890531,92.3125,92.65625,92.1875,92.65625,66,4103
890601,92.5,92.625,92.40625,92.59375,97,4018
890602,92.5625,93.6875,92.5625,93.59375,549,3902
890605,93.875,94.34375,93.8125,93.8125,136,3887
890606,93.875,94.0625,93.75,94,30,3859
890607,94.0625,94.59375,94,94.53125,72,3855
890608,94.6875,94.90625,94.5625,94.90625,907,3822
890609,94.75,96.1875,94.75,96.1875,1182,3782
890612,96.9375,97,95.90625,96.15625,514,3896
890613,95.65625,95.8125,95.0625,95.375,82,3916
890614,95.6875,95.84375,95.6875,95.84375,127,3932
890615,96.15625,96.15625,94.875,94.875,399,3670
890616,94.625,94.71875,94.46875,94.6875,55,3670
890619,94.90625,94.90625,94.5625,94.5625,116,3609
890620,94.3125,95.125,94.28125,95.125,9,3608
890621,95,95.28125,94.65625,94.65625,426,3767
890622,94.53125,94.90625,94.4375,94.53125,63,3742
890623,95.15625,95.84375,95.09375,95.8125,39,3759
890626,96.15625,96.4375,96.0625,96.25,21,3768
890627,96.375,96.90625,96.125,96.84375,113,3815
890628,96.4375,96.4375,96.15625,96.3125,21,3795
890629,96.25,97.03125,96.1875,96.9375,750,4433
890630,96.90625,97.5,96.84375,97.34375,1690,4799
890703,97.125,97.3125,97.09375,97.09375,83,4817
890705,96.96875,96.96875,96.28125,96.4375,122,4845
890706,96.5625,96.875,96.5625,96.84375,41,4782
890707,96.875,97.65625,96.875,97.28125,1310,5154
890710,97.34375,97.5625,97.21875,97.5625,165,5261
890711,97.75,97.84375,97,97.21875,1543,5891
890712,97.1875,97.28125,97.0625,97.125,1030,6145
890713,97.25,97.25,96.84375,96.9375,378,6082
890714,96.84375,97.125,96.21875,96.53125,475,5981
890717,96.4375,96.53125,96.4375,96.4375,123,5982
890718,96,96.3125,95.96875,95.96875,417,5756
890719,96.375,96.375,96,96.375,88,5743
890720,96.5,96.8125,96.5,96.78125,350,5981
890721,96.3125,96.40625,96.09375,96.375,119,6016
890724,96.46875,96.59375,96.46875,96.5625,40,6016
890725,96.75,96.875,96.75,96.875,79,5989
890726,96.875,97.125,96.65625,96.90625,80,6013
890727,97.09375,97.625,97.0625,97.625,42,6000
890728,97.625,98.25,97.625,98.125,618,6348
890731,98.375,98.90625,98.375,98.90625,491,6501
890801,99.53125,100.34375,99.375,99.53125,373,6602
890802,99.34375,99.6875,99.1875,99.28125,2809,6549
890803,99.1875,99.28125,98.84375,98.84375,1262,6168
890804,98.78125,98.78125,97.21875,97.21875,1219,5859
890807,97.40625,97.40625,96.78125,97.25,265,5739
890808,97.625,97.75,97.3125,97.3125,135,5695
890809,97.1875,97.28125,96.90625,97.09375,337,5901
890810,96.59375,97.4375,96.59375,97.25,81,5897
890811,97.59375,98.75,96.5,96.5,282,5944
890814,96.40625,96.65625,95.625,95.625,51,5939
890815,95.5625,96.21875,95.5625,96.21875,192,5911
890816,96.65625,96.78125,96.4375,96.78125,203,5919
890817,97.15625,97.375,96.09375,96.34375,307,5890
890818,96.25,96.65625,95.84375,96.5,716,5832
890821,96.84375,97,96.09375,96.09375,90,5830
890822,96,96.125,95.5625,95.59375,69,5854
890823,96.0625,96.1875,95.875,96.1875,79,5869
890824,96.4375,96.5625,96.21875,96.40625,25,5868
890825,96.15625,96.15625,96.15625,96.15625,0,5868
890828,95.9375,96,95.59375,95.6875,1220,6155
890829,95.5,95.96875,95.5,95.90625,745,6463
890830,96,96.0625,95.875,95.96875,131,6409
890831,96.15625,96.15625,95.78125,95.78125,306,6432
890901,95.75,96.625,95.3125,96.625,437,6457
890905,96.375,96.5,96.3125,96.5,38,6447
890906,96.5625,96.71875,96.40625,96.71875,2108,6290
890907,96.90625,97.0625,96.78125,96.84375,261,6245
890908,96.78125,97.21875,96.78125,97.21875,720,6729
890911,97.125,97.3125,97.125,97.3125,10,6727
890912,96.9375,97.09375,96.9375,97.0625,97,6618
890913,96.9375,97.34375,96.46875,96.46875,100,6557
890914,96.78125,96.8125,96.65625,96.71875,1523,7633
890915,96.875,97.25,96.4375,97.0625,275,7669
890918,97.0625,97.09375,96.84375,96.875,105,7649
890919,96.78125,97.09375,96.78125,96.8125,127,7625
890920,96.65625,96.65625,96.25,96.25,95,7653
890921,96.28125,96.34375,95.8125,95.8125,77,7657
890922,96.03125,96.03125,95.75,95.8125,32,7659
890925,95.59375,95.625,94.78125,94.90625,146,7714
890926,94.96875,95.375,94.8125,95.34375,572,7738
890927,95.03125,95.5,95.03125,95.34375,168,7713
890928,95.5,95.5,95.0625,95.375,381,7706
890929,95.125,95.625,94.90625,95.59375,387,7808
891002,95.59375,95.96875,95.59375,95.8125,85,7838
891003,96.125,96.1875,96.03125,96.15625,551,8099
891004,96.34375,96.46875,96.28125,96.4375,150,8098
891005,96.375,97.21875,96.0625,97.1875,651,8226
891006,97.21875,97.96875,97.15625,97.96875,1013,8219
891009,98,98.125,98,98.09375,707,8209
891010,98.0625,98.375,97.96875,98.03125,969,7822
891011,97.96875,98.03125,97.5625,97.625,850,7746
891012,97.5625,97.90625,97.5625,97.875,2464,7249
891013,97.78125,98.25,97.34375,98.25,1829,6847
891016,100.15625,100.15625,97.96875,98.3125,1600,6407
891017,98.25,98.8125,97.90625,97.90625,1257,6604
891018,97.59375,98.09375,97.5625,97.71875,707,6926
891019,97.75,98.46875,97.65625,98.375,318,7007
891020,98.5,98.6875,98.15625,98.21875,574,6974
891023,98.375,98.6875,98.375,98.6875,150,7020
891024,98.71875,99.59375,98.71875,99.1875,1045,7083
891025,99.125,99.3125,99.03125,99.125,72,7110
891026,99.1875,99.1875,98.84375,98.84375,146,7176
891027,99.0625,99.0625,98.25,98.40625,447,6933
891030,98.46875,98.8125,98.40625,98.8125,921,7586
891031,99.09375,99.25,98.96875,99.09375,3002,8777
891101,99.03125,99.46875,99.03125,99.4375,461,8962
891102,99.4375,99.625,99.40625,99.59375,162,8933
891103,99.59375,99.65625,98.71875,99.03125,2526,10261
891106,98.90625,98.90625,98.40625,98.53125,1084,10381
891107,98.625,99.4375,98.625,99.4375,1039,10580
891108,99.28125,99.53125,99.1875,99.5,3002,12803
891109,99.4375,99.78125,99.15625,99.1875,2388,13252
891110,99.28125,99.4375,99.15625,99.34375,1636,13745
891113,99.28125,99.4375,98.9375,99.375,214,13783
891114,99.4375,99.71875,99.1875,99.28125,1562,13696
891115,99.375,99.78125,99.3125,99.5,3885,14178
891116,99.65625,100,99.21875,99.46875,4328,14674
891117,99.46875,99.46875,98.6875,98.71875,2653,15834
891120,99.28125,99.28125,98.71875,98.84375,1731,15581
891121,98.9375,99.1875,98.5,99.125,4832,17206
891122,99.125,99.5,99.03125,99.375,13087,20234
891124,99.5625,99.65625,99.4375,99.46875,5651,20922
891127,99.4375,99.5,99.03125,99.03125,3447,21001
891128,99.0625,99.1875,98.90625,99.125,3557,20719
891129,99.09375,99.09375,98.8125,98.8125,2935,20652
891130,98.875,99.28125,98.875,99.25,8414,22640
891201,99.28125,99.5,99.28125,99.40625,3605,21955
891204,99.40625,99.53125,99.25,99.46875,2148,22262
891205,99.5,99.53125,99.4375,99.46875,1406,21443
891206,99.46875,99.5625,99.09375,99.125,2286,21280
891207,99.125,99.15625,98.84375,98.9375,6076,21190
891208,98.96875,99.40625,98.5625,99.34375,3087,22224
891211,99.28125,99.3125,99.21875,99.3125,3027,21550
891212,99.34375,99.4375,99.1875,99.25,7932,22437
891213,99.25,99.4375,99.0625,99.40625,10310,25165
891214,99.375,99.90625,99.375,99.875,3493,26283
891215,99.90625,100.03125,99.625,99.75,2725,27174
891218,99.875,100.21875,99.75,100.15625,1485,26521
891219,100.0625,100.09375,99.84375,99.96875,1234,26585
891220,100.03125,100.46875,99.9375,100.03125,5065,26006
891221,100,100.0625,99.75,99.8125,1137,26378
891222,99.8125,99.8125,99.5625,99.59375,537,26395
891226,99.5625,99.59375,98.0625,98.28125,3480,26499
891227,98.28125,98.65625,98.15625,98.40625,3616,25490
891228,98.34375,98.6875,98.34375,98.6875,478,25566
891229,98.71875,98.875,98.28125,98.53125,3791,24570
900102,98.4375,98.65625,98.15625,98.28125,4524,25241
900103,98.3125,98.34375,97.8125,97.90625,5394,25868
900104,98,98.21875,97.875,97.96875,3694,26208
900105,98,98.34375,97.5,97.6875,9205,25775
900108,97.71875,97.78125,97.3125,97.4375,2255,25169
900109,97.4375,97.6875,97.3125,97.375,3510,25387
900110,97.4375,97.5625,97.21875,97.4375,5805,26649
900111,97.53125,97.6875,97.4375,97.4375,2751,26869
900112,97.34375,97.34375,96.65625,96.875,10312,28565
900115,96.875,96.875,96.4375,96.46875,2599,29364
900116,96.4375,96.5,95.875,96.1875,6147,30502
900117,96.1875,96.4375,96.03125,96.1875,2490,31080
900118,96.125,96.125,95.15625,95.15625,14801,31978
900119,95.28125,95.71875,95.09375,95.71875,3014,32256
900122,95.84375,95.96875,95.40625,95.5,6821,34152
900123,95.46875,95.75,95.15625,95.75,4913,34386
900124,94.59375,94.75,94.15625,94.59375,24292,42920
900125,94.625,95,94.09375,94.125,11793,42519
900126,94.09375,94.34375,93.03125,93.1875,17522,43482
900129,93.3125,93.59375,93.21875,93.3125,8863,42864
900130,93,93.53125,92.40625,93.03125,17717,45118
900131,93.1875,94.125,92.75,94.0625,8900,46955
900201,94.125,94.5625,93.84375,94.34375,12728,44848
900202,94.3125,94.375,93.53125,93.6875,12551,47835
900205,93.625,93.625,93.25,93.4375,3848,47387
900206,93.40625,93.4375,92.875,93.09375,8520,48254
900207,92.90625,93.1875,92.40625,93.15625,14889,51205
900208,93.1875,94.125,93.03125,93.53125,19179,56698
900209,93.90625,94.875,93.875,94.71875,13412,58302
900212,94.78125,94.9375,93.84375,93.9375,21254,63175
900213,93.90625,94.40625,93.78125,94.3125,11264,63988
900214,94.375,94.59375,94.09375,94.21875,6835,65571
900215,94.15625,94.15625,93.46875,93.59375,25884,70049
900216,93.65625,94.03125,93.5,93.65625,11686,70685
900220,92.78125,92.9375,91.625,91.96875,59177,78758
900221,91.84375,92.21875,91.40625,92,35517,87886
900222,92.0625,93.1875,91.71875,93.03125,33279,97074
900223,92.9375,93.46875,92.6875,93,63291,114038
900226,93.03125,93.75,92.90625,93.6875,25549,123948
900227,93.6875,94.1875,93.5625,94.125,54495,143172
900228,94.09375,94.09375,93.1875,93.1875,68738,165901
900301,93.15625,93.34375,92.4375,92.53125,363856,185846
900302,92.5,93.5,92.4375,93,356210,196210
900305,93.0625,93.125,91.8125,91.90625,265464,195960
900306,91.96875,92.71875,91.78125,92.59375,338790,204938
900307,92.6875,92.9375,92.53125,92.6875,187992,204912
900308,92.625,92.9375,92.5,92.875,164508,212289
900309,92.875,93.09375,91.65625,91.8125,436466,232803
900312,91.90625,92.1875,91.75,92.15625,157547,245419
900313,92.125,92.15625,91,91.21875,431343,254430
900314,91.25,92.3125,91.125,92.28125,360827,250603
900315,92.25,92.28125,91.84375,92.15625,189752,243725
900316,92.125,93.0625,91.96875,92.8125,424293,244853
900319,92.875,92.90625,92.3125,92.875,179702,237240
900320,92.84375,93.6875,92.125,93.65625,503930,253654
900321,93.59375,93.6875,93.28125,93.40625,196384,248285
900322,93.25,94.03125,93.03125,93.28125,477570,254979
900323,93.25,93.84375,92.96875,93.375,325413,254751
900326,93.375,93.96875,93.375,93.59375,139205,247346
900327,93.59375,93.78125,93.28125,93.5,194136,247845
900328,93.5625,93.875,93.125,93.65625,210905,248328
900329,93.65625,93.65625,92.5625,92.625,370979,241595
900330,92.46875,92.84375,91.6875,91.875,345798,242015
900402,91.96875,92.3125,91.84375,91.90625,162227,235896
900403,91.9375,92.25,91.90625,92.1875,172451,230342
900404,92.21875,93.71875,92.125,93.3125,283606,234371
900405,93.25,93.25,92.75,93.15625,202273,230987
900406,93.125,93.875,92.5625,93.09375,373535,231485
900409,93.03125,93.03125,92.59375,92.90625,114724,225298
900410,92.84375,93.28125,92.46875,92.8125,254491,228485
900411,92.53125,93.21875,92.46875,92.71875,293291,235130
900412,92.75,93.0625,92.40625,92.53125,178135,235566
900416,92.84375,92.84375,91.9375,92.09375,192187,234091
900417,92.15625,92.46875,90.75,91.15625,430406,247701
900418,91.28125,91.40625,90,90.1875,510152,256933
900419,90.28125,90.4375,89.75,90.15625,317030,248717
900420,90.25,90.4375,89.3125,89.53125,303525,251330
900423,89.375,89.5625,89.09375,89.25,239914,244924
900424,89.25,89.71875,88.875,89.125,338988,248223
900425,89.25,89.59375,88.96875,89.1875,231556,250425
900426,89.125,89.40625,88.3125,88.59375,388888,262456
900427,88.5625,89.25,88.21875,88.59375,435535,258731
900430,88.625,88.84375,88.53125,88.8125,96319,247949
900501,88.9375,89.4375,88.40625,88.71875,312402,257897
900502,88.6875,88.84375,88.3125,88.6875,225333,255088
900503,88.78125,89.34375,88.78125,89.125,214265,248687
900504,89.1875,90.84375,89.1875,90.71875,507068,258022
900507,90.65625,90.84375,90.34375,90.40625,132091,246483
900508,90.4375,90.8125,90.34375,90.78125,201666,250606
900509,90.625,90.6875,89.90625,89.96875,260341,245332
900510,90.21875,90.75,90.15625,90.625,298386,250145
900511,90.5,92.3125,90.375,92.1875,521906,247005
900514,92.1875,92.84375,91.90625,92.8125,270113,231861
900515,92.6875,92.75,92.1875,92.40625,234526,229230
900516,92.40625,92.71875,91.96875,92.21875,319849,229144
900517,92.21875,92.5625,91.96875,92.125,286600,219004
900518,92.09375,92.125,91.5,91.6875,223858,204573
900521,91.6875,91.875,91.4375,91.78125,131863,194756
900522,91.8125,92.6875,91.75,92.5625,269899,195522
900523,92.5,93.15625,92.25,92.71875,375548,194177
900524,92.84375,93.21875,92.5625,92.65625,293810,168939
900525,92.5625,92.59375,91.90625,91.96875,170517,158046
900529,92.09375,92.34375,91.96875,92.3125,119551,149344
900530,92.40625,92.8125,92.375,92.6875,227592,119229
900531,92.71875,92.9375,92.40625,92.90625,51200,99178
900601,92.9375,94.53125,92.78125,94.375,46818,83835
900604,94.21875,94.59375,94.1875,94.4375,31699,69565
900605,94.40625,94.8125,94,94.03125,13652,66318
900606,94.03125,94.25,93.96875,94.1875,22741,50778
900607,94.25,94.5,94.0625,94.3125,7176,45935
900608,94.28125,94.53125,94.0625,94.25,3376,45006
900611,94.125,94.15625,93.78125,94.125,4528,42441
900612,94.125,94.28125,94.09375,94.09375,5898,39250
900613,94.0625,94.8125,94.0625,94.75,5288,37728
900614,94.75,95.1875,94.5,94.96875,6992,34403
900615,95.0625,95.3125,94.03125,94.3125,11557,26491
900618,94.3125,94.375,93.8125,93.90625,5137,24213
900619,93.9375,94.0625,93.6875,93.9375,11835,19821
900620,93.875,94.1875,93.53125,93.59375,8333,17472
