880922,83.5,83.5,83.125,83.15625,2,0
880923,83.21875,83.21875,83.21875,83.21875,0,0
880926,82.8125,82.8125,82.8125,82.8125,0,0
880927,82.71875,82.8125,82.5625,82.59375,2,0
880928,82.5625,82.5625,82.5625,82.5625,0,0
880929,83.3125,83.3125,83.3125,83.3125,0,0
880930,84.3125,84.3125,84.3125,84.3125,0,0
881003,84.34375,84.34375,84.34375,84.34375,0,0
881004,84.21875,84.21875,84.21875,84.21875,0,0
881005,84.53125,84.53125,84.21875,84.21875,10,10
881006,84.15625,84.40625,84.03125,84.40625,19,25
881007,85.875,86.5,85.875,86.5,0,25
881010,85.9375,85.9375,85.9375,85.9375,0,25
881011,85.8125,85.8125,85.8125,85.8125,0,25
881012,85,85,85,85,0,25
881013,85.125,85.125,85.125,85.125,0,25
881014,85.8125,85.8125,85.3125,85.375,1,26
881017,85.59375,85.59375,85.59375,85.59375,0,26
881018,85.71875,85.71875,85.71875,85.71875,0,26
881019,85.21875,85.21875,85.21875,85.21875,0,26
881020,85.5625,85.5625,85.5625,85.5625,0,26
881021,85.40625,85.40625,85.40625,85.40625,0,26
881024,85.1875,85.1875,85.1875,85.1875,0,26
881025,85.21875,85.21875,85.21875,85.21875,0,26
881026,85.4375,85.4375,85.4375,85.4375,0,26
881027,86.1875,86.1875,86.1875,86.1875,0,26
881028,86.5,86.5,86.5,86.5,0,26
881031,87.125,87.125,87.125,87.125,0,26
881101,86.84375,86.84375,86.84375,86.84375,0,26
881102,86.375,86.4375,86.375,86.4375,1,25
881103,87,87,87,87,0,25
881104,85.6875,85.6875,85.6875,85.6875,0,25
881107,85.3125,85.3125,85.3125,85.3125,0,25
881108,85.5625,85.5625,85.40625,85.40625,0,25
881109,85.3125,85.3125,85.3125,85.3125,0,25
881110,85.46875,85.46875,85.46875,85.46875,0,25
881111,84.96875,84.96875,84.96875,84.96875,0,25
881114,85.25,85.25,85.25,85.25,0,25
881115,85.3125,85.3125,85.3125,85.3125,0,25
881116,85.0625,85.0625,85.0625,85.0625,0,25
881117,84.59375,84.59375,84.59375,84.59375,0,25
881118,84.53125,84.53125,84.53125,84.53125,0,25
881121,84.59375,84.59375,84.59375,84.59375,0,25
881122,84.65625,84.65625,84.65625,84.65625,0,25
881123,84.75,84.75,84.75,84.75,0,25
881125,84.28125,84.28125,84.28125,84.28125,0,25
881128,84.9375,84.9375,84.9375,84.9375,0,25
881129,85.0625,85.0625,85.0625,85.0625,0,25
881130,85.53125,85.53125,85.53125,85.53125,0,25
881201,85.90625,85.90625,85.90625,85.90625,0,25
881202,84.9375,84.9375,84.9375,84.9375,0,25
881205,85.09375,85.09375,85.09375,85.09375,0,25
881206,86.78125,86.78125,86.78125,86.78125,0,25
881207,86.96875,86.96875,86.96875,86.96875,0,25
881208,87.09375,87.09375,87.09375,87.09375,0,25
881209,87.21875,87.21875,87.21875,87.21875,0,25
881212,87.3125,87.3125,87.3125,87.3125,0,25
881213,87.0625,87.0625,87.0625,87.0625,0,25
881214,87.03125,87.0625,86.1875,86.1875,5,30
881215,86.4375,86.4375,86.4375,86.4375,0,30
881216,86.8125,86.9375,86.8125,86.84375,1,31
881219,86.9375,86.9375,86.9375,86.9375,0,31
881220,87.71875,87.71875,87.71875,87.71875,0,31
881221,87.625,87.625,87.625,87.625,0,31
881222,87.71875,87.71875,87.71875,87.71875,0,31
881223,88,88.09375,88,88.09375,1,32
881227,87.5625,87.5625,87.5625,87.5625,0,32
881228,87.28125,87.4375,87.28125,87.4375,50,82
881229,87.40625,87.40625,87.40625,87.40625,0,82
881230,87.5,87.5,87.5,87.5,0,82
890103,86.65625,86.71875,86.65625,86.71875,1,82
890104,87.125,87.15625,87.125,87.15625,0,82
890105,87.3125,87.3125,87.3125,87.3125,0,102
890106,87.6875,87.6875,87.6875,87.6875,0,102
890109,87.8125,87.8125,87.8125,87.8125,0,102
890110,87.78125,87.78125,87.78125,87.78125,0,102
890111,87.8125,87.8125,87.8125,87.8125,0,102
890112,88.59375,88.59375,88.59375,88.59375,0,102
890113,89.375,89.375,89.375,89.375,0,102
890116,89.125,89.125,89.125,89.125,0,102
890117,89.40625,89.40625,89.40625,89.40625,0,102
890118,89.71875,89.71875,89.71875,89.71875,0,102
890119,89.3125,89.3125,89.3125,89.3125,0,102
890120,89.1875,89.1875,89.1875,89.1875,0,102
890123,89.375,89.40625,89.34375,89.34375,17,118
890124,89.40625,89.96875,89.40625,89.96875,70,173
890125,89.84375,89.84375,89.84375,89.84375,0,173
890126,89.96875,89.96875,89.96875,89.96875,0,173
890127,90.5625,90.78125,90.4375,90.4375,107,228
890130,90.0625,90.09375,89.9375,89.9375,7,228
890131,89.65625,89.8125,89.65625,89.78125,2,229
890201,89.75,89.96875,89.75,89.96875,1,229
890202,90.1875,90.1875,90.1875,90.1875,0,229
890203,90.125,90.25,90.125,90.15625,5,224
890206,90.15625,90.375,90.15625,90.375,10,215
890207,90.3125,90.78125,90.25,90.78125,4,219
890208,90.75,90.875,90.25,90.25,2,221
890209,88.5,88.5,88.5,88.5,0,221
890210,87.84375,87.84375,87.84375,87.84375,0,221
890213,87.59375,87.59375,87.59375,87.59375,0,221
890214,87.59375,87.71875,87.3125,87.3125,7,216
890215,87.34375,87.5,87.3125,87.40625,34,218
890216,87.6875,87.6875,87.6875,87.6875,0,218
890217,87.6875,87.71875,87.6875,87.71875,1,217
890221,87.84375,87.84375,87.53125,87.6875,83,204
890222,87.15625,87.15625,87.15625,87.15625,0,204
890223,87.0625,87.0625,87.0625,87.0625,0,204
890224,87.375,87.375,87,87,11,196
890227,87.03125,87.1875,87.03125,87.1875,5,196
890228,87.375,87.375,87.375,87.375,0,196
890301,87.53125,87.65625,86.96875,86.96875,5,193
890302,87.03125,87.28125,87.03125,87.28125,8,192
890303,87.34375,87.34375,87.34375,87.34375,0,192
890306,87.4375,87.59375,87.4375,87.59375,7,192
890307,87.53125,87.59375,87.53125,87.59375,5,197
890308,87.4375,87.8125,87.4375,87.8125,8,197
890309,87.6875,87.6875,87.6875,87.6875,0,197
890310,87.34375,87.34375,87.1875,87.1875,1,198
890313,87.25,87.34375,87.1875,87.28125,15,196
890314,87.5625,87.5625,87.5625,87.5625,0,196
890315,87.46875,87.46875,87.46875,87.46875,0,196
890316,87.53125,87.53125,87.53125,87.53125,0,196
890317,86.375,86.40625,86.375,86.40625,1,196
890320,86.125,86.40625,86.125,86.3125,1,196
890321,86.34375,86.34375,86.34375,86.34375,0,196
890322,86.65625,86.65625,86.65625,86.65625,0,196
890323,86.84375,86.84375,86.75,86.84375,8,196
890327,86.96875,86.96875,86.96875,86.96875,0,196
890328,87.21875,87.21875,87.21875,87.21875,0,196
890329,87.59375,87.59375,87.59375,87.59375,0,196
890330,88,88,87.6875,87.6875,10,196
890331,88.0625,88.0625,88.0625,88.0625,0,196
890403,88.21875,88.21875,88.21875,88.21875,0,196
890404,88.53125,88.53125,88.53125,88.53125,0,196
890405,88.90625,88.90625,88.90625,88.90625,0,196
890406,88.625,88.625,88.625,88.625,0,196
890407,88,88,88,88,0,196
890410,88.0625,88.0625,88.0625,88.0625,0,196
890411,88,88,88,88,0,196
890412,87.96875,87.96875,87.96875,87.96875,0,196
890413,87.75,87.75,87.625,87.625,6,196
890414,88.40625,88.40625,88.40625,88.40625,0,196
890417,88.21875,88.21875,88.21875,88.21875,0,196
890418,88.96875,88.96875,88.96875,88.96875,0,196
890419,89.1875,89.1875,89.0625,89.0625,1,196
890420,88.28125,88.28125,88.28125,88.28125,0,196
890421,88.65625,88.65625,88.65625,88.65625,0,196
890424,88.6875,88.6875,88.6875,88.6875,0,196
890425,88.75,88.75,88.75,88.75,0,196
890426,88.84375,88.84375,88.84375,88.84375,0,196
890427,89.03125,89.03125,89.03125,89.03125,0,196
890428,89.25,89.25,89.25,89.25,0,196
890501,88.625,88.625,88.5,88.5,6,196
890502,88.90625,88.90625,88.90625,88.90625,0,196
890503,89.03125,89.03125,89.03125,89.03125,0,196
890504,88.5625,88.5625,88.5625,88.5625,0,196
890505,89.03125,89.09375,88.8125,88.8125,10,206
890508,88.4375,88.4375,88.4375,88.4375,0,206
890509,87.65625,87.65625,87.65625,87.65625,0,206
890510,87.34375,87.34375,87.34375,87.34375,0,206
890511,87.71875,87.71875,87.71875,87.71875,0,206
890512,89.09375,89.09375,89.09375,89.09375,0,206
890515,89.28125,89.28125,89.21875,89.21875,2,206
890516,88.90625,89.3125,88.90625,89.3125,10,206
890517,89.71875,89.71875,89.71875,89.71875,0,206
890518,89.9375,89.9375,89.9375,89.9375,0,206
890519,90.625,90.71875,90.625,90.71875,1,206
890522,91.84375,91.84375,91.84375,91.84375,0,206
890523,91.625,91.625,91.625,91.625,0,206
890524,91.71875,91.71875,91.71875,91.71875,0,206
890525,91.4375,91.4375,91.4375,91.4375,0,206
890526,91.90625,91.90625,91.90625,91.90625,0,206
890530,91.78125,91.78125,91.78125,91.78125,0,206
890531,92.0625,92.0625,92.0625,92.0625,0,206
890601,92,92,92,92,0,206
890602,92.625,92.625,92.625,92.625,0,206
890605,92.84375,92.84375,92.84375,92.84375,0,206
890606,92.875,93.03125,92.875,93.03125,4,202
890607,93.5625,93.5625,93.5625,93.5625,0,202
890608,93.9375,93.9375,93.9375,93.9375,0,202
890609,94.875,95.125,94.875,95.125,52,177
890612,95.9375,96.03125,95.03125,95.03125,60,126
890613,94.53125,94.53125,94.0625,94.25,21,120
890614,94.71875,94.71875,94.71875,94.71875,0,120
890615,93.875,93.875,93.875,93.875,0,120
890616,93.5625,93.71875,93.5625,93.71875,1,120
890619,93.59375,93.59375,93.59375,93.59375,0,120
890620,94.25,94.25,94.25,94.25,0,120
890621,93.78125,93.78125,93.78125,93.78125,0,120
890622,93.71875,93.71875,93.71875,93.71875,0,120
890623,94.9375,94.9375,94.9375,94.9375,0,120
890626,95.1875,95.34375,95.1875,95.34375,3,123
890627,95.96875,95.96875,95.96875,95.96875,0,123
890628,95.40625,95.40625,95.40625,95.40625,0,123
890629,95.96875,95.96875,95.96875,95.96875,0,123
890630,96.4375,96.46875,96.4375,96.46875,1,123
890703,96.3125,96.3125,96.21875,96.21875,2,125
890705,95.9375,95.9375,95.3125,95.5625,14,124
890706,95.96875,95.96875,95.96875,95.96875,1,123
890707,96.40625,96.40625,96.40625,96.40625,0,123
890710,96.59375,96.59375,96.59375,96.59375,0,123
890711,96.25,96.25,96.25,96.25,0,123
890712,96.21875,96.21875,96,96,0,123
890713,95.6875,95.6875,95.6875,95.6875,2,121
890714,96,96,95.0625,95.3125,3,121
890717,95.21875,95.21875,95.21875,95.21875,0,121
890718,94.84375,94.84375,94.84375,94.84375,0,121
890719,95.3125,95.3125,95.3125,95.3125,0,121
890720,95.71875,95.71875,95.71875,95.71875,0,121
890721,95.3125,95.3125,95.3125,95.3125,0,121
890724,95.5,95.5,95.5,95.5,0,121
890725,95.78125,95.78125,95.78125,95.78125,0,121
890726,95.75,95.75,95.75,95.75,0,121
890727,96.3125,96.3125,96.3125,96.3125,0,121
890728,96.8125,96.8125,96.8125,96.8125,0,121
890731,97.625,97.625,97.625,97.625,0,121
890801,99.125,99.125,98.3125,98.3125,2,120
890802,98.03125,98.03125,98.03125,98.03125,0,120
890803,97.59375,97.59375,97.59375,97.59375,0,120
890804,96.09375,96.09375,96.09375,96.09375,0,120
890807,96.25,96.25,96.25,96.25,0,120
890808,96.4375,96.4375,96.34375,96.34375,3,123
890809,96.09375,96.09375,96.09375,96.09375,0,123
890810,96.25,96.25,96.25,96.25,0,123
890811,95.5625,95.5625,95.5625,95.5625,0,123
890814,94.84375,94.84375,94.84375,94.84375,0,123
890815,95.46875,95.46875,95.46875,95.46875,0,123
890816,96.03125,96.03125,96.03125,96.03125,0,123
890817,95.59375,95.59375,95.59375,95.59375,0,123
890818,95.625,95.625,95.625,95.625,0,123
890821,95.1875,95.1875,95.1875,95.1875,0,123
890822,94.8125,94.8125,94.8125,94.8125,0,123
890823,95.40625,95.40625,95.40625,95.40625,0,123
890824,95.5625,95.5625,95.5625,95.5625,0,123
890825,95.3125,95.3125,95.3125,95.3125,0,123
890828,94.84375,94.875,94.84375,94.875,50,146
890829,94.875,95.09375,94.875,95.09375,82,153
890830,95.09375,95.09375,95.09375,95.09375,0,153
890831,95.25,95.25,94.875,94.875,40,193
890901,95.71875,95.71875,95.71875,95.71875,0,193
890905,95.4375,95.59375,95.4375,95.59375,1,194
890906,95.625,95.8125,95.625,95.8125,68,250
890907,95.9375,95.9375,95.9375,95.9375,0,250
890908,96.0625,96.34375,96.0625,96.34375,5,249
890911,96.28125,96.40625,96.28125,96.40625,1,249
890912,96.09375,96.125,96.09375,96.125,2,249
890913,95.5625,95.5625,95.5625,95.5625,0,249
890914,95.78125,95.78125,95.75,95.75,50,299
890915,96.0625,96.0625,96.0625,96.0625,0,299
890918,96,96,95.9375,95.9375,25,299
890919,95.84375,95.84375,95.84375,95.84375,0,299
890920,95.6875,95.75,95.3125,95.3125,2,301
890921,95.0625,95.0625,94.875,94.875,3,304
890922,94.8125,94.875,94.8125,94.875,2,304
890925,94.4375,94.4375,94,94,1,303
890926,94.4375,94.4375,94.4375,94.4375,0,303
890927,94.4375,94.4375,94.4375,94.4375,0,303
890928,94.46875,94.46875,94.46875,94.46875,0,303
890929,94.8125,94.8125,94.8125,94.8125,0,303
891002,95.03125,95.03125,95.03125,95.03125,0,303
891003,95.375,95.375,95.375,95.375,0,303
891004,95.65625,95.65625,95.65625,95.65625,0,303
891005,95.90625,96.40625,95.90625,96.40625,2,301
891006,96.875,97.03125,96.875,97.03125,25,297
891009,97.0625,97.0625,97.0625,97.0625,0,297
891010,97.09375,97.09375,97.09375,97.09375,0,297
891011,96.6875,96.6875,96.6875,96.6875,0,297
891012,96.96875,96.96875,96.96875,96.96875,0,297
891013,97.34375,97.34375,97.34375,97.34375,0,297
891016,97.5625,97.5625,97.3125,97.4375,10,307
891017,97,97.5,96.90625,96.90625,54,336
891018,96.75,96.75,96.75,96.75,0,336
891019,97.3125,97.375,97.3125,97.3125,4,332
891020,97.21875,97.21875,97.21875,97.21875,0,332
891023,97.6875,97.6875,97.6875,97.6875,0,332
891024,98.125,98.125,98.125,98.125,0,332
891025,98.09375,98.09375,98.09375,98.09375,0,332
891026,97.78125,97.78125,97.78125,97.78125,0,332
891027,97.375,97.375,97.375,97.375,0,332
891030,97.8125,97.8125,97.8125,97.8125,0,332
891031,98.09375,98.09375,98.09375,98.09375,0,332
891101,98.46875,98.46875,98.46875,98.46875,0,332
891102,98.46875,98.625,98.46875,98.625,1,333
891103,98,98.15625,98,98.15625,57,384
891106,97.78125,97.78125,97.5625,97.65625,11,375
891107,98.46875,98.46875,98.46875,98.46875,2,377
891108,98.3125,98.46875,98.3125,98.46875,50,420
891109,98.375,98.625,98.25,98.25,82,479
891110,98.4375,98.4375,98.28125,98.4375,52,479
891113,98.46875,98.46875,98.46875,98.46875,0,479
891114,98.34375,98.4375,98.28125,98.28125,50,522
891115,98.34375,98.40625,98.34375,98.34375,26,498
891116,98.25,98.25,98.25,98.25,56,553
891117,97.8125,97.8125,97.53125,97.53125,90,643
891120,97.53125,97.59375,97.53125,97.59375,1,643
891121,97.78125,97.84375,97.78125,97.84375,59,652
891122,97.84375,98.03125,97.84375,98.03125,49,684
891124,98.21875,98.21875,98.21875,98.21875,0,684
891127,98.1875,98.1875,97.84375,97.84375,1,684
891128,97.96875,97.96875,97.96875,97.96875,0,684
891129,97.65625,97.65625,97.65625,97.65625,0,684
891130,97.8125,98.03125,97.8125,98.03125,10,694
891201,98.1875,98.1875,98.1875,98.1875,0,694
891204,98.1875,98.25,98.15625,98.25,126,629
891205,98.28125,98.28125,98.28125,98.28125,0,629
891206,98.3125,98.34375,98,98,117,602
891207,97.9375,97.9375,97.84375,97.84375,20,602
891208,98.15625,98.15625,98.15625,98.15625,0,602
891211,98.15625,98.15625,98.125,98.15625,227,688
891212,98.1875,98.1875,98.1875,98.1875,70,618
891213,98.28125,98.34375,98.28125,98.34375,1,618
891214,98.71875,98.71875,98.71875,98.71875,0,618
891215,98.5625,98.5625,98.5625,98.5625,0,618
891218,98.625,98.9375,98.59375,98.9375,558,956
891219,98.75,98.78125,98.71875,98.78125,186,1026
891220,98.9375,99,98.75,98.75,70,1096
891221,98.71875,98.71875,98.53125,98.5625,60,1096
891222,98.40625,98.46875,98.40625,98.40625,314,1384
891226,97.71875,97.71875,97.125,97.1875,1,1384
891227,97.46875,97.46875,97.125,97.3125,111,1494
891228,97.375,97.5625,97.375,97.5625,16,1505
891229,97.5625,97.65625,97.3125,97.40625,92,1581
900102,97.15625,97.15625,97.15625,97.15625,0,1581
900103,96.90625,96.9375,96.90625,96.9375,125,1681
900104,97.03125,97.125,97,97,26,1691
900105,97,97,96.6875,96.71875,8,1694
900108,96.5,96.5625,96.375,96.46875,237,1924
900109,96.53125,96.53125,96.46875,96.46875,60,1882
900110,96.53125,96.71875,96.40625,96.46875,1026,2578
900111,96.5625,96.5625,96.40625,96.40625,25,2597
900112,95.96875,95.96875,95.5625,95.625,509,2787
900115,95.3125,95.3125,95.3125,95.3125,341,2916
900116,95.125,95.25,95,95.09375,58,2867
900117,95.25,95.25,95.125,95.125,44,2896
900118,94.6875,94.875,94.3125,94.3125,136,2930
900119,94.53125,94.75,94.53125,94.75,357,3124
900122,94.78125,94.78125,94.5,94.53125,64,3127
900123,94.3125,94.8125,94.25,94.8125,7,3126
900124,93.46875,93.75,93.4375,93.59375,39,3104
900125,93.9375,93.96875,93.125,93.125,22,3108
900126,92.53125,92.53125,92.21875,92.21875,12,3108
900129,92.3125,92.5,92.3125,92.34375,207,3021
900130,91.9375,92.1875,91.8125,92.1875,120,3060
900131,92.03125,93.21875,92.03125,93.21875,159,2901
900201,93.4375,93.46875,93.1875,93.46875,404,3144
900202,93.125,93.1875,92.8125,92.8125,264,3166
900205,92.53125,92.5625,92.46875,92.5625,353,3321
900206,92.125,92.15625,92.03125,92.125,27,3321
900207,91.71875,92.25,91.625,92.25,32,3322
900208,92.5625,92.90625,92.5625,92.65625,40,3362
900209,93.1875,93.8125,93.1875,93.71875,102,3381
900212,93.875,93.875,92.9375,92.9375,988,3567
900213,92.90625,93.3125,92.90625,93.25,215,3701
900214,93.15625,93.15625,93.15625,93.15625,0,3701
900215,92.625,92.625,92.625,92.625,1,3701
900216,92.6875,92.6875,92.6875,92.6875,0,3701
900220,91.96875,91.96875,91,91.09375,102,3734
900221,90.71875,91.1875,90.71875,91.03125,30,3734
900222,91.40625,92.09375,91.40625,92.09375,4,3738
900223,92.375,92.46875,91.90625,92.125,317,3757
900226,92.3125,92.84375,92.28125,92.84375,262,3506
900227,93.15625,93.28125,93.15625,93.28125,1,3506
900228,93.09375,93.09375,92.28125,92.28125,23,3526
900301,91.9375,92.03125,91.65625,91.65625,2,3526
900302,91.8125,92.46875,91.8125,92.125,2,3525
900305,91.75,91.78125,91.0625,91.0625,373,3329
900306,91.71875,91.71875,91.71875,91.71875,0,3329
900307,91.8125,91.8125,91.8125,91.8125,0,3329
900308,92,92.09375,92,92.0625,213,3236
900309,92.0625,92.0625,91.03125,91.03125,131,3081
900312,91.375,91.375,91.375,91.375,25,3056
900313,91.0625,91.0625,90.53125,90.625,203,2984
900314,90.75,91.65625,90.75,91.65625,299,2816
900315,91.5,91.53125,91.3125,91.53125,49,2837
900316,91.53125,92.3125,91.53125,92.1875,86,2761
900319,91.875,92.25,91.875,92.25,72,2708
900320,92.25,93.0625,91.625,93.0625,117,2708
900321,93.03125,93.03125,92.78125,92.78125,227,2589
900322,93.1875,93.28125,92.59375,92.65625,26,2599
900323,92.9375,92.9375,92.4375,92.71875,3,2599
900326,93.0625,93.0625,92.96875,92.96875,32,2584
900327,92.90625,92.96875,92.875,92.875,39,2566
900328,92.6875,93.09375,92.6875,93,31,2544
900329,92.09375,92.1875,92,92,5,2543
900330,91.5625,91.5625,91.28125,91.28125,23,2538
900402,91.53125,91.53125,91.28125,91.28125,137,2526
900403,91.5,91.53125,91.375,91.53125,30,2519
900404,91.75,92.78125,91.65625,92.65625,40,2493
900405,92.25,92.46875,92.15625,92.46875,220,2464
900406,92.15625,92.5,92.15625,92.4375,167,2381
900409,92.25,92.25,92.25,92.25,0,2381
900410,92.125,92.15625,92.125,92.15625,9,2390
900411,92.3125,92.3125,92,92.0625,912,2440
900412,92.09375,92.09375,91.875,91.875,20,2442
900416,91.875,91.875,91.3125,91.4375,18,2457
900417,91,91.03125,90.25,90.46875,55,2451
900418,90.625,90.625,89.25,89.40625,383,2432
900419,89.46875,89.5,89.0625,89.40625,239,2338
900420,89.375,89.375,88.65625,88.78125,72,2347
900423,88.5,88.6875,88.5,88.5,20,2352
900424,88.53125,88.71875,88.40625,88.40625,55,2351
900425,88.6875,88.71875,88.5625,88.5625,104,2351
900426,88.21875,88.21875,87.6875,87.90625,809,2557
900427,88.125,88.3125,87.90625,87.9375,97,2532
900430,88.1875,88.1875,88.1875,88.1875,10,2542
900501,88.03125,88.125,87.9375,88.125,466,2690
900502,88.25,88.25,87.96875,88.15625,212,2839
900503,88.625,88.75,88.53125,88.625,223,2864
900504,89.59375,90.0625,89.46875,90,210,2867
900507,89.8125,89.875,89.75,89.75,147,2783
900508,89.90625,90.09375,89.875,90.09375,571,3068
900509,89.5625,89.71875,89.28125,89.28125,424,2954
900510,89.71875,90.03125,89.5625,89.90625,76,2976
900511,90.90625,91.4375,90.8125,91.40625,200,2853
900514,91.625,92.0625,91.625,92.0625,460,3265
900515,91.65625,91.75,91.5625,91.65625,6,3261
900516,91.78125,91.78125,91.3125,91.4375,62,3234
900517,91.4375,91.6875,91.28125,91.375,44,3200
900518,91.09375,91.1875,90.875,90.96875,33,3176
900521,90.75,91.09375,90.75,91.0625,1,3175
900522,91.375,91.84375,91.375,91.84375,134,3057
900523,91.65625,92.34375,91.65625,92,17,3047
900524,92.25,92.25,91.9375,91.9375,430,2904
900525,91.625,91.625,91.15625,91.15625,183,2823
900529,91.5,91.53125,91.5,91.53125,97,2784
900530,91.6875,92,91.6875,91.90625,67,2911
900531,91.78125,92.15625,91.78125,92.09375,42,2882
900601,92.9375,93.59375,92.90625,93.46875,192,2802
900604,93.46875,93.5,93.46875,93.5,170,2636
900605,93.75,93.75,93.0625,93.0625,248,2633
900606,93.21875,93.21875,93.09375,93.21875,628,3168
900607,93.28125,93.4375,93.15625,93.34375,62,3179
900608,93.46875,93.46875,93.28125,93.3125,101,3180
900611,93.1875,93.1875,93.1875,93.1875,0,3180
900612,93.21875,93.21875,93.125,93.125,1,3180
900613,93.65625,93.78125,93.65625,93.78125,124,3108
900614,93.75,94.03125,93.75,94,6,3114
900615,94.09375,94.09375,93.125,93.25,1014,3608
900618,92.875,93,92.875,92.875,24,3604
900619,92.8125,92.875,92.6875,92.84375,152,3588
900620,92.4375,92.4375,92.4375,92.4375,54,3635
900621,92.625,92.71875,92.625,92.71875,29,3607
900622,92.875,92.875,92.71875,92.75,81,3651
900625,92.75,92.75,92.0625,92.0625,200,3720
900626,92.375,92.4375,92.375,92.4375,38,3708
900627,92.5,92.75,92.5,92.65625,151,3701
900628,92.9375,93.15625,92.9375,93.0625,351,3351
900629,93.1875,93.53125,93.0625,93.53125,195,3303
900702,93.3125,93.53125,93.3125,93.4375,2038,3222
900703,93.4375,93.65625,93.28125,93.65625,223,3200
900705,93.59375,93.59375,93.34375,93.34375,23,3195
900706,92.6875,92.6875,92.5625,92.65625,1169,4196
900709,92.4375,92.4375,92.21875,92.34375,77,4247
900710,92.46875,92.46875,92.125,92.15625,1073,4247
900711,92.65625,92.65625,92.28125,92.375,2,4246
900712,92.03125,92.71875,92.03125,92.71875,6,4247
900713,92.59375,93.15625,92.59375,92.96875,2072,4374
900716,92.8125,93.21875,92.8125,93.21875,330,4455
900717,93.21875,93.28125,93.15625,93.1875,402,4498
900718,92.8125,92.8125,92.25,92.28125,113,4429
900719,92.1875,92.25,92.1875,92.25,50,4399
900720,92.5,92.5,92.5,92.5,0,4399
900723,92.6875,92.78125,92.46875,92.46875,976,5128
900724,91.90625,92.21875,91.90625,92.0625,120,5105
900725,92.21875,92.53125,92.21875,92.5,534,4967
900726,92.5,92.6875,92.5,92.6875,58,4937
900727,92.8125,93.1875,92.8125,93.1875,1051,4776
900730,93.40625,94.0625,93.40625,94.03125,137,4733
900731,93.84375,93.875,93.78125,93.8125,76,4727
900801,93.84375,94.4375,93.84375,94.28125,24,4735
900802,93.25,93.4375,93.15625,93.25,2451,5547
900803,92.90625,93.3125,92.09375,92.34375,160,5588
900806,91.625,91.625,89.5625,89.625,162,5598
900807,90,90.4375,89.125,89.4375,588,5828
900808,89.78125,89.78125,88.96875,89.375,123,5838
900809,89.09375,90.28125,89.09375,90.28125,91,5785
900810,90.5625,90.5625,89.3125,89.84375,72,5825
900813,89.6875,89.6875,89.53125,89.65625,1144,5011
900814,89.90625,89.90625,89.90625,89.90625,20,5031
900815,90.34375,90.4375,89.59375,90.0625,432,5121
900816,89.21875,89.34375,88.5625,88.71875,286,5092
900817,88.46875,88.625,88.15625,88.4375,974,4662
900820,88.46875,88.75,88.3125,88.75,42,4657
900821,88.28125,88.6875,87.78125,88.6875,137,4673
900822,88.4375,88.5625,87.9375,87.9375,37,4665
900823,87.46875,87.46875,87,87.03125,857,4667
900824,87,87.25,86.21875,86.53125,621,4546
900827,87.6875,87.9375,87.6875,87.84375,1331,4640
900828,88.15625,88.15625,87.5,87.5,167,4496
900829,87.53125,88.46875,87.40625,88.46875,3088,3989
900830,88,88.28125,87.90625,88.125,676,4146
900831,88.15625,88.25,87.9375,88.0625,284,4152
900904,87.53125,87.65625,87.375,87.59375,1083,4640
900905,87.84375,88.0625,87.5625,88.0625,1239,5244
900906,88.125,88.28125,88.0625,88.25,582,5130
900907,87.75,88.8125,87.75,88.59375,206,5148
900910,88.59375,88.59375,88.1875,88.1875,426,4797
900911,88.15625,88.4375,88,88.3125,103,4782
900912,88.375,88.375,88.375,88.375,0,4782
900913,88.625,88.71875,88.375,88.40625,47,4786
900914,87.9375,88.03125,87.8125,87.8125,718,5233
900917,87.53125,87.5625,87.375,87.40625,115,5234
900918,87.28125,87.5625,86.9375,87.53125,211,5312
900919,87.40625,87.90625,87.28125,87.84375,337,5511
900920,87.8125,87.90625,87.59375,87.625,1286,5989
900921,87.4375,87.46875,86.8125,86.90625,797,6744
900924,86.875,86.875,86.1875,86.4375,382,6745
900925,86.75,86.84375,86.5625,86.8125,2584,6111
900926,87.03125,87.125,86.78125,86.8125,1393,5789
900927,87.375,87.65625,87.0625,87.65625,1111,5856
900928,87.90625,88.59375,87.65625,88.59375,31,5865
901001,88.78125,89.71875,88.71875,89.625,59,5849
901002,89.6875,89.9375,89.59375,89.625,33,5843
901003,89.375,89.75,89.3125,89.5,104,5899
901004,89.53125,89.875,89.34375,89.875,533,6160
901005,90.09375,90.21875,89.4375,90.09375,1425,6015
901008,90,90,89.5625,89.625,118,6011
901009,89.15625,89.15625,88.28125,88.3125,177,6031
901010,88,88.125,87.6875,87.90625,250,6106
901011,87.90625,88.125,87.375,87.40625,1254,6070
901012,87.5,88.5625,87.5,88.40625,1702,5599
901015,88.71875,88.84375,88.4375,88.71875,715,5502
901016,88.90625,88.90625,88.625,88.875,718,5389
901017,89.15625,89.375,88.96875,89.15625,2107,5733
901018,89.46875,90.09375,89.46875,89.65625,417,5965
901019,90.5,90.875,90.375,90.5625,468,5990
901022,89.9375,90.875,89.9375,90.59375,319,5884
901023,90.53125,90.53125,90.1875,90.28125,137,5833
901024,90.09375,90.25,89.875,90.1875,116,5834
901025,90.3125,90.6875,90.3125,90.65625,596,5738
901026,90.375,90.5625,90.28125,90.46875,56,5761
901029,90.875,90.875,89.71875,89.75,72,5749
901030,89.71875,89.75,89.375,89.75,1559,5109
901031,89.875,90.3125,89.75,90.25,75,5115
901101,90.5,91.1875,90.40625,91.03125,3130,4694
901102,91.03125,91.375,90.8125,91.0625,1160,4785
901105,90.875,91.71875,90.875,91.71875,591,4697
901106,91.78125,92,91.5,91.625,396,4610
901107,91.59375,92.03125,90.9375,90.9375,3269,4958
901108,91,91.28125,90.6875,90.6875,2799,4823
901109,91.03125,91.75,91.03125,91.71875,1036,4250
901112,91.84375,92.65625,91.84375,92.65625,34,4250
901113,92.75,92.8125,92.34375,92.8125,145,4203
901114,92.59375,92.9375,92.46875,92.9375,798,4234
901115,92.65625,92.84375,92.34375,92.71875,1030,4625
901116,92.75,93.59375,92.75,93.375,447,4673
901119,93.5,93.6875,92.71875,92.90625,1219,4814
901120,93.0625,93.53125,92.875,93.40625,808,4405
901121,93.46875,93.875,93.46875,93.875,391,4366
901123,93.78125,93.78125,93.5,93.59375,292,4459
901126,93.53125,93.96875,92.90625,93.96875,1379,5181
901127,93.90625,94.125,93.625,93.75,1709,5123
901128,93.5625,94.03125,93.5625,93.59375,670,5077
901129,93.65625,93.90625,93.09375,93.46875,1270,6022
901130,93.125,94.21875,93.0625,94.15625,663,5854
901203,94.5,94.875,94.46875,94.5625,1623,5806
901204,94.53125,94.90625,94.46875,94.46875,1225,4964
901205,94.75,95.03125,94.53125,94.96875,620,5162
901206,94.875,95.3125,94.5625,94.5625,4476,6393
901207,94.6875,96.21875,94.65625,96.1875,1571,6627
901210,96.34375,96.84375,96.34375,96.5625,2416,5845
901211,96.59375,96.9375,96.59375,96.9375,2079,5870
901212,97.21875,97.4375,96.78125,97.15625,503,5896
901213,97.1875,97.34375,96.375,96.4375,383,5939
901214,96.65625,96.75,95.65625,95.875,1280,6346
901217,95.5625,96.09375,95.5625,96.09375,481,6331
901218,96.09375,96.59375,95.84375,96.34375,1203,6428
901219,97.0625,97.09375,95.84375,95.96875,1312,7057
901220,96,96,95.34375,95.5625,2382,6612
901221,95.46875,95.75,95,95.03125,3626,8215
901224,95.03125,95.03125,94.0625,94.25,510,8266
901226,94.625,95,94.53125,94.90625,1705,8593
901227,94.9375,95.59375,94.9375,95.3125,2196,8607
901228,95.375,95.53125,94.78125,94.8125,5358,9057
901231,94.90625,95.40625,94.90625,95.28125,753,9331
910102,95.5,96.34375,95.5,96.34375,1516,10004
910103,96.25,97.03125,96.25,96.71875,2709,10420
910104,96.6875,96.8125,95.59375,95.8125,1135,10697
910107,95.4375,95.4375,94.625,94.6875,2513,11482
910108,94.6875,95.15625,94.0625,94.15625,6938,11494
910109,94.0625,95.375,93.1875,93.25,6962,12753
910110,93.3125,94.1875,93.28125,94.15625,3659,13136
910111,94.40625,94.625,93.6875,94.125,1818,13306
910114,93.6875,93.8125,93.0625,93.5625,14581,14862
910115,93.90625,94.09375,93.53125,93.5625,2464,15723
910116,93.6875,93.90625,93.3125,93.71875,17369,16114
910117,93.6875,96.28125,92.84375,96.09375,21884,17909
910118,95.96875,96.40625,94.90625,96.21875,3950,18498
910121,95.9375,96.15625,95.6875,95.75,1911,18651
910122,95.78125,95.84375,95.28125,95.53125,8249,20828
910123,95.3125,95.875,95.3125,95.8125,3084,20821
910124,95.9375,96.28125,95.8125,96.1875,7049,21649
910125,96.28125,96.4375,95.40625,95.4375,3097,22875
910128,95.53125,95.75,95.4375,95.65625,1009,23120
910129,95.6875,96,95.625,95.90625,8613,23424
910130,95.90625,96.125,95.53125,95.625,8283,24650
910131,95.6875,95.9375,95.5,95.78125,8027,29007
910201,95.875,97.0625,95.78125,96.9375,19792,35862
910204,96.9375,97.25,96.65625,97.21875,3751,36531
910205,97.25,97.78125,97.1875,97.53125,10733,37782
910206,97.46875,97.625,97.15625,97.625,11814,39603
910207,97.71875,97.90625,97.09375,97.125,6568,41463
910208,97.0625,98.125,96.96875,97.9375,7987,43412
910211,97.9375,98.21875,97.65625,97.6875,5866,45741
910212,97.78125,98.0625,97.5625,97.8125,16839,51153
910213,97.8125,98.09375,97.59375,97.71875,14028,55091
910214,97.8125,97.9375,97.375,97.4375,15681,60479
910215,97.46875,98,97.21875,97.6875,23768,62128
910219,97.78125,97.78125,97.34375,97.40625,15777,66498
910220,97.375,97.53125,96.84375,96.96875,22427,68885
910221,96.9375,97.34375,96.75,96.84375,18574,73565
910222,96.6875,97.0625,96.4375,96.5625,41883,89468
910225,96.875,96.9375,96.46875,96.84375,22944,95746
910226,97.0625,97.0625,95.90625,96,48663,109277
910227,96.03125,96.09375,95.6875,95.9375,67604,129919
910228,96,96.25,95.375,95.53125,294204,153152
910301,95.40625,95.40625,94.40625,94.5625,452212,173338
910304,94.5625,94.96875,94.5,94.5625,171527,176282
910305,94.5,95.09375,94.34375,94.84375,231406,187717
910306,95,95.21875,94.59375,94.75,273166,190682
910307,94.71875,95.40625,94.65625,95.3125,249257,195106
910308,95.375,95.71875,94.40625,94.4375,529347,211059
910311,94.34375,95.25,93.96875,95.25,259347,200378
910312,95.25,95.5,94.875,94.90625,256402,203252
910313,94.90625,95.59375,94.78125,95.5625,294650,212449
910314,95.65625,95.78125,95.21875,95.59375,276344,212733
910315,95.46875,95.59375,94.4375,94.625,363357,221035
910318,94.625,94.75,94.0625,94.25,216893,228740
910319,94.3125,94.46875,93.125,93.4375,379965,243468
910320,93.53125,94.09375,93.46875,93.9375,257273,232783
910321,94.125,94.53125,94.0625,94.3125,261519,235344
910322,94.3125,94.46875,94.03125,94.4375,151748,236070
910325,94.5625,94.78125,94.375,94.5,154871,231319
910326,94.5,94.6875,94.0625,94.65625,198100,231079
910327,94.6875,95.25,94.625,95.15625,237516,229241
910328,95.21875,95.59375,95.03125,95.46875,175935,224017
910401,95.15625,95.59375,95.125,95.3125,128057,224814
910402,95.28125,95.6875,95.15625,95.5625,182219,225291
910403,95.65625,95.71875,95.34375,95.5625,157316,225115
910404,95.46875,96.21875,95.28125,96.0625,289664,235480
910405,96,96.65625,95.84375,96.15625,341861,241157
910408,96.21875,96.5,96.1875,96.375,104871,242463
910409,96.375,96.4375,95.875,95.90625,172043,244651
910410,95.875,95.9375,95.03125,95.09375,262540,242634
910411,95.25,95.5625,94.9375,95.21875,291987,242669
910412,95.34375,96.4375,95.34375,96.40625,347265,252228
910415,96.4375,97.15625,96.4375,96.84375,330004,265331
910416,96.8125,97,96.5,96.75,209612,265825
910417,96.84375,97.34375,96.84375,96.96875,291057,275027
910418,96.96875,97.03125,96.09375,96.28125,328897,269027
910419,96.21875,96.3125,95.59375,95.6875,320496,268501
910422,95.625,95.65625,95.09375,95.1875,243979,269969
910423,95.1875,95.71875,95.1875,95.46875,299726,262557
910424,95.5625,96.25,95.5,96.09375,299143,265527
910425,96.0625,96.375,95.78125,95.90625,315201,258148
910426,95.875,96.25,95.25,96.21875,330507,258509
910429,96.21875,96.5,95.9375,96.03125,202385,250086
910430,96.0625,96.625,95.78125,96.40625,399556,249029
910501,96.53125,96.75,96.1875,96.5625,267956,249768
910502,96.625,97.03125,96.59375,96.9375,231992,245481
910503,97.03125,97.125,96.0625,96.1875,376643,243454
910506,95.84375,96.125,95.625,96.125,105597,235124
910507,96.21875,96.375,95.90625,96.03125,181375,233842
910508,95.9375,96.3125,95.78125,96.03125,263337,234417
910509,96.15625,96.34375,95.8125,96.09375,368490,239723
910510,96.15625,96.34375,94.625,94.75,451510,246634
910513,94.96875,95.5,94.96875,95.46875,232902,234602
910514,95.5625,95.59375,94.5,94.625,479536,239429
910515,94.78125,95.125,94.6875,94.78125,287679,226894
910516,94.875,95.25,94.84375,94.9375,215636,225652
910517,94.84375,95.78125,94.34375,95.5625,437007,221519
910520,95.5,95.5625,95.28125,95.375,106636,205062
910521,95.5,95.84375,95.25,95.84375,171931,195788
910522,95.8125,95.96875,95.53125,95.625,226641,188284
910523,95.59375,95.78125,95.0625,95.25,312450,175740
910524,95.25,95.5,94.96875,95.28125,165195,164026
910528,95.4375,95.6875,95.3125,95.59375,124924,145154
910529,95.53125,95.8125,95.46875,95.53125,165843,137773
910530,95.5,96.28125,95.4375,96.25,265593,122324
910531,96.25,96.28125,95.46875,95.75,366570,105876
910603,95.71875,95.78125,95.03125,95.0625,61611,78145
910604,95.0625,95.34375,94.9375,95.0625,29407,63211
910605,95.09375,95.1875,94.46875,94.5625,35053,48899
910606,94.65625,94.71875,94.15625,94.34375,14165,42221
910607,94.34375,94.34375,93.40625,93.6875,14390,38664
910610,93.75,93.9375,93.65625,93.71875,7542,33527
910611,93.75,93.9375,93.4375,93.8125,7147,29325
910612,93.78125,93.78125,93,93.09375,14145,25611
910613,93.03125,93.375,92.375,93.3125,12116,19516
910614,93.375,93.875,93.375,93.8125,6634,15981
910617,94,94,93.59375,93.625,10670,11770
910618,93.59375,94,93.40625,93.40625,8461,8160
910619,93.375,93.5,93.1875,93.28125,2918,5842
