920508,91.59375,92.03125,91.59375,92.03125,6,6
920511,92.0625,92.0625,92.0625,92.0625,0,6
920512,92.59375,92.59375,92.40625,92.40625,3,6
920513,92.40625,92.40625,92.40625,92.40625,0,6
920514,92.28125,92.28125,92.28125,92.28125,0,6
920515,92.96875,92.96875,92.96875,92.96875,0,6
920518,92.8125,92.8125,92.8125,92.8125,0,6
920519,93.3125,93.3125,93.3125,93.3125,0,6
920520,92.90625,92.90625,92.90625,92.90625,0,6
920521,92.5,92.5,92.5,92.5,0,6
920522,92.75,92.75,92.75,92.75,0,6
920526,91.625,91.625,91.625,91.625,0,6
920527,91.90625,91.90625,91.90625,91.90625,0,6
920528,92.21875,92.21875,92.21875,92.21875,0,6
920529,92.625,92.625,92.625,92.625,0,6
920601,91.84375,91.84375,91.84375,91.84375,0,6
920602,91.78125,91.96875,91.78125,91.96875,5,11
920603,92,92,92,92,0,11
920604,92.25,92.25,92.25,92.25,0,11
920605,92.5,92.5,92.5,92.5,0,11
920608,92.53125,92.53125,92.53125,92.53125,0,11
920609,92.09375,92.09375,92.09375,92.09375,0,11
920610,91.9375,91.9375,91.9375,91.9375,0,11
920611,92.125,92.125,92.125,92.125,0,11
920612,92.40625,92.40625,92.40625,92.40625,0,11
920615,92.59375,92.59375,92.53125,92.53125,5,16
920616,92.90625,92.90625,92.90625,92.90625,0,16
920617,92.96875,92.96875,92.96875,92.96875,0,16
920618,93.15625,93.15625,93.15625,93.15625,0,16
920619,92.84375,92.84375,92.84375,92.84375,0,16
920622,92.8125,92.8125,92.8125,92.8125,0,16
920623,92.375,92.375,92.375,92.375,0,16
920624,92.71875,92.71875,92.71875,92.71875,0,16
920625,93.21875,93.21875,93.21875,93.21875,0,16
920626,93.0625,93.0625,93.0625,93.0625,0,16
920629,92.96875,92.96875,92.96875,92.96875,0,16
920630,92.84375,92.84375,92.84375,92.84375,0,16
920701,93.0625,93.0625,93.0625,93.0625,0,16
920702,94.34375,94.34375,94.34375,94.34375,0,16
920706,94.15625,94.15625,94.15625,94.15625,0,16
920707,94.1875,94.1875,94.1875,94.1875,0,16
920708,94.09375,94.09375,94.09375,94.09375,0,16
920709,94.28125,94.28125,94.28125,94.28125,0,16
920710,93.96875,93.96875,93.96875,93.96875,0,16
920713,93.75,93.75,93.625,93.625,1,17
920714,93.53125,93.53125,93.53125,93.53125,0,17
920715,94.03125,94.03125,94.03125,94.03125,0,17
920716,94.34375,94.34375,94.34375,94.34375,0,17
920717,94.1875,94.1875,93.6875,93.6875,2,17
920720,93.96875,93.96875,93.96875,93.96875,0,17
920721,94,94,94,94,0,17
920722,94.53125,94.53125,94.53125,94.53125,0,17
920723,95.46875,95.46875,95.46875,95.46875,0,17
920724,95.1875,95.1875,95.1875,95.1875,0,17
920727,95.65625,95.65625,95.65625,95.65625,0,17
920728,96.84375,96.84375,96.84375,96.84375,0,17
920729,96.875,96.875,96.875,96.875,0,17
920730,96.59375,96.59375,96.59375,96.59375,0,17
920731,96.5625,96.5625,96.5625,96.5625,0,17
920803,96.5625,96.5625,96.5625,96.5625,0,17
920804,96.9375,96.9375,96.9375,96.9375,0,17
920805,97,97,97,97,0,17
920806,96.78125,96.78125,96.78125,96.78125,0,17
920807,97.25,97.25,97.25,97.25,0,17
920810,97.4375,97.4375,97.4375,97.4375,0,17
920811,97.875,97.875,97.875,97.875,0,17
920812,97.78125,97.78125,97.78125,97.78125,0,17
920813,96.625,96.625,96.625,96.625,0,17
920814,97,97,97,97,0,17
920817,96.46875,96.46875,96.46875,96.46875,0,17
920818,97,97,97,97,0,17
920819,97.0625,97.0625,97.0625,97.0625,0,17
920820,97.3125,97.3125,97.3125,97.3125,0,17
920821,97,97,97,97,0,17
920824,96.28125,96.28125,96.28125,96.28125,0,17
920825,96.375,96.375,95.9375,95.9375,9,17
920826,96.21875,96.21875,96.21875,96.21875,0,17
920827,96.34375,96.34375,96.34375,96.34375,0,17
920828,96.375,96.375,96.375,96.375,0,17
920831,96.34375,96.34375,96.34375,96.34375,0,17
920901,96.90625,96.90625,96.90625,96.90625,0,17
920902,97.03125,97.03125,97.03125,97.03125,5,17
920903,97.125,97.125,97.125,97.125,0,17
920904,98,98,98,98,0,17
920908,98.75,98.75,98.75,98.75,0,17
920909,98.40625,98.40625,98.40625,98.40625,0,17
920910,98.59375,98.59375,98.59375,98.59375,0,17
920911,97.84375,97.84375,97.84375,97.84375,0,17
920914,98.0625,98.0625,98.0625,98.0625,0,17
920915,97.34375,97.34375,97.34375,97.34375,0,17
920916,97.125,97.125,97.125,97.125,0,17
920917,97.1875,97.1875,97.1875,97.1875,0,17
920918,97.53125,97.53125,97.53125,97.53125,0,17
920921,96.9375,96.9375,96.9375,96.9375,0,17
920922,96.25,96.25,96.0625,96.0625,1,18
920923,95.5625,95.5625,95.5625,95.5625,0,18
920924,96.15625,96.15625,96.15625,96.15625,0,18
920925,96.96875,96.96875,96.96875,96.96875,0,18
920928,96.96875,96.96875,96.96875,96.96875,0,18
920929,96.78125,96.78125,96.375,96.375,1,19
920930,96.25,96.25,96.25,96.25,0,19
921001,96.9375,96.9375,96.9375,96.9375,0,19
921002,96.71875,96.71875,96.71875,96.71875,0,19
921005,96.4375,96.4375,96.4375,96.4375,0,19
921006,96,96,95.78125,95.78125,1,20
921007,95.5,95.5,95.09375,95.09375,5,25
921008,95.625,95.625,95.625,95.625,0,25
921009,95.375,95.375,95.375,95.375,0,25
921012,95.5,95.5,95.5,95.5,0,25
921013,95.34375,95.34375,95.34375,95.34375,0,25
921014,95.90625,95.90625,95.90625,95.90625,0,25
921015,95.90625,95.90625,95.90625,95.90625,0,25
921016,95.71875,95.71875,95.71875,95.71875,0,25
921019,95.375,95.375,95.375,95.375,0,25
921020,94.5,94.5,94.5,94.5,0,25
921021,94.59375,94.59375,94.5625,94.5625,1,25
921022,94.75,94.75,94.75,94.75,0,25
921023,94.59375,94.59375,94.59375,94.59375,0,25
921026,94.53125,94.53125,94.53125,94.53125,0,25
921027,94.8125,94.8125,94.8125,94.8125,0,25
921028,94.4375,94.4375,94.4375,94.4375,0,25
921029,94.71875,94.71875,94.71875,94.71875,0,25
921030,94.21875,94.21875,94.21875,94.21875,0,25
921102,94,94,93.9375,94,11,30
921103,94.03125,94.03125,94.03125,94.03125,0,30
921104,93.65625,93.65625,93.65625,93.65625,0,30
921105,93.625,93.625,93.625,93.625,0,30
921106,92.875,92.9375,92.875,92.9375,1,29
921109,93.5,93.5,93.1875,93.1875,1,30
921110,94.0625,94.0625,94.0625,94.0625,0,30
921111,94.25,94.25,94.25,94.25,0,30
921112,94.25,95.09375,94.15625,95.09375,1,31
921113,95.1875,95.1875,95.1875,95.1875,0,31
921116,94.90625,95.46875,94.90625,95.46875,1,30
921117,95.65625,95.65625,95.65625,95.65625,0,30
921118,95.90625,95.90625,95.90625,95.90625,0,30
921119,95.6875,95.6875,95.6875,95.6875,0,30
921120,95.78125,95.78125,95.71875,95.71875,10,40
921123,95.5,95.6875,95.5,95.6875,5,36
921124,95.90625,95.90625,95.90625,95.90625,0,36
921125,95.875,95.875,95.875,95.875,0,36
921127,95.1875,95.1875,95.1875,95.1875,0,36
921130,95.1875,95.1875,95.125,95.125,1,37
921201,95.375,95.375,95.375,95.375,0,37
921202,95.40625,95.40625,95.40625,95.40625,0,37
921203,95.46875,95.46875,95.46875,95.46875,0,37
921204,96.25,96.25,96.25,96.25,0,37
921207,96.96875,96.96875,96.90625,96.90625,38,62
921208,96.875,97.0625,96.875,97.0625,1,62
921209,97.0625,97.0625,97.0625,97.0625,0,62
921210,97.21875,97.21875,97.21875,97.21875,0,62
921211,97.3125,97.3125,97.3125,97.3125,0,62
921214,97.1875,97.1875,97.1875,97.1875,0,62
921215,97.15625,97.15625,97.15625,97.15625,0,62
921216,97.15625,97.15625,97.15625,97.15625,0,62
921217,97.28125,97.28125,97.28125,97.28125,0,62
921218,97.40625,97.40625,97.40625,97.40625,0,62
921221,98,98,98,98,0,62
921222,98.5625,98.59375,98.5,98.5,1,63
921223,98.40625,98.40625,98.40625,98.40625,0,63
921224,98.3125,98.3125,98.3125,98.3125,0,63
921228,97.9375,97.9375,97.9375,97.9375,0,63
921229,98.28125,98.28125,98.28125,98.28125,0,63
921230,97.9375,97.9375,97.9375,97.9375,0,63
921231,97.75,97.8125,97.75,97.8125,1,64
930104,98.53125,98.53125,98.53125,98.53125,0,64
930105,98.5625,98.5625,98.5625,98.5625,0,64
930106,98.40625,98.40625,98.40625,98.40625,0,64
930107,97.25,97.25,97.25,97.25,0,64
930108,96.9375,96.9375,96.90625,96.90625,5,69
930111,96.84375,96.84375,96.84375,96.84375,0,69
930112,96.59375,96.59375,96.59375,96.59375,0,69
930113,97.03125,97.03125,97.03125,97.03125,0,69
930114,97.46875,97.46875,97.46875,97.46875,0,69
930115,98.375,98.375,98.375,98.375,0,69
930118,98.46875,98.46875,98.3125,98.3125,1,69
930119,98.9375,98.9375,98.9375,98.9375,0,69
930120,98.78125,98.78125,98.78125,98.78125,0,69
930121,98.9375,98.9375,98.9375,98.9375,0,69
930122,98.96875,98.96875,98.96875,98.96875,0,69
930125,99.28125,100.03125,99.28125,99.9375,22,79
930126,99.53125,99.53125,99.53125,99.53125,0,79
930127,99.4375,99.4375,99.4375,99.4375,0,79
930128,99.5625,99.5625,99.5625,99.5625,0,79
930129,99.75,99.75,99.75,99.75,0,79
930201,99.96875,99.96875,99.96875,99.96875,0,79
930202,99.625,99.625,99.5625,99.5625,4,83
930203,99.84375,99.84375,99.84375,99.84375,0,83
930204,100.40625,100.40625,100.40625,100.40625,0,83
930205,100.84375,100.84375,100.84375,100.84375,0,83
930208,100.5625,100.5625,100.5625,100.5625,0,83
930209,100.53125,100.53125,100.5,100.5,6,89
930210,99.75,99.75,99.75,99.75,0,89
930211,99.84375,100.5,99.84375,100.46875,2,90
930212,100.625,100.625,100.625,100.625,0,90
930216,100.40625,100.40625,100.40625,100.40625,0,90
930217,100.84375,100.84375,100.84375,100.84375,0,90
930218,101.75,101.75,101.75,101.75,0,90
930219,101.84375,101.84375,101.75,101.75,1,89
930222,102.5,102.5,102.5,102.5,0,89
930223,102.90625,103.875,102.90625,103.875,44,99
930224,103.28125,103.28125,103.28125,103.28125,0,99
930225,103.21875,103.21875,103.21875,103.21875,0,99
930226,103.125,103.125,103.125,103.125,0,99
930301,104.03125,104.0625,104.03125,104.0625,2,98
930302,103.875,103.875,103.875,103.875,0,98
930303,104.6875,104.6875,104.65625,104.65625,19,100
930304,105.34375,105.34375,105.34375,105.34375,0,100
930305,103.875,105.0625,103.875,105.0625,6,100
930308,105.875,105.875,105.21875,105.21875,2,101
930309,105.0625,105.1875,104.96875,104.96875,27,128
930310,104.5625,104.5625,104.5625,104.5625,0,128
930311,104.625,104.625,104.625,104.625,0,128
930312,103.71875,103.71875,103.1875,103.1875,1,127
930315,102.53125,102.59375,102.40625,102.59375,1,127
930316,103.15625,103.15625,103.15625,103.15625,0,127
930317,103,103.28125,103,103.25,1,127
930318,104.0625,104.0625,104.0625,104.0625,0,127
930319,104.03125,104.03125,103.9375,103.9375,1,127
930322,103.96875,103.96875,103.96875,103.96875,0,127
930323,104.4375,104.4375,104.4375,104.4375,0,127
930324,104.09375,104.09375,104.09375,104.09375,0,127
930325,103.90625,103.90625,103.90625,103.90625,0,127
930326,102.78125,102.78125,102.78125,102.78125,0,127
930329,103,103.5,103,103.5,10,128
930330,103.46875,103.46875,103.46875,103.46875,0,128
930331,103.40625,103.40625,103.40625,103.40625,0,128
930401,103.0625,103.0625,103.0625,103.0625,0,128
930402,102.25,102.25,101.84375,101.84375,4,130
930405,102.21875,102.21875,102.21875,102.21875,0,130
930406,102.90625,102.90625,102.90625,102.90625,0,130
930407,103.03125,103.03125,103.03125,103.03125,0,130
930408,104.09375,104.3125,104.09375,104.3125,10,140
930412,104.90625,104.90625,104.90625,104.90625,0,140
930413,105.3125,105.3125,104.625,104.96875,43,115
930414,105.375,105.375,105.0625,105.375,1,116
930415,105.75,105.75,105.75,105.75,0,116
930416,105.21875,105.21875,105.21875,105.21875,0,116
930419,105.1875,105.53125,105.15625,105.5,2,116
930420,105.25,105.25,105.21875,105.21875,1,117
930421,105.21875,105.21875,105.21875,105.21875,0,117
930422,105.34375,105.34375,105.34375,105.34375,0,117
930423,104.75,104.75,104.75,104.75,0,117
930426,104.625,104.625,104.4375,104.4375,2,115
930427,104,104,103.625,103.625,1,114
930428,103.625,103.625,103.625,103.625,0,114
930429,103.9375,103.9375,103.9375,103.9375,0,114
930430,104.25,104.25,103.21875,103.21875,4,115
930503,104.4375,104.46875,104.4375,104.46875,1,116
930504,104.4375,105.125,104.4375,105.125,7,120
930505,105.03125,105.03125,105.03125,105.03125,0,120
930506,105.21875,105.21875,105.21875,105.21875,0,120
930507,105.25,105.25,104.46875,104.5625,1,121
930510,105.28125,105.28125,105.28125,105.28125,0,121
930511,105.09375,105.09375,105.09375,105.09375,0,121
930512,104.59375,104.59375,104.59375,104.59375,0,121
930513,103.8125,103.8125,103.65625,103.65625,4,121
930514,103.5625,103.84375,103.5625,103.84375,2,122
930517,103.71875,103.71875,103.71875,103.71875,0,122
930518,103.75,103.75,103.125,103.125,10,132
930519,103,103.59375,102.96875,103.59375,7,135
930520,103.59375,103.59375,103.59375,103.59375,0,135
930521,103.21875,103.21875,103.03125,103.1875,10,141
930524,103.75,103.75,103.75,103.75,0,141
930525,103.53125,103.53125,103.53125,103.53125,0,141
930526,104.34375,104.34375,104.34375,104.34375,0,141
930527,104.4375,104.53125,104.34375,104.53125,10,131
930528,103.8125,103.8125,103.8125,103.8125,0,131
930601,105.28125,105.28125,105.28125,105.28125,0,131
930602,105.3125,105.3125,105.125,105.28125,1,131
930603,105.5,105.5,105.5,105.5,0,131
930604,105.4375,105.4375,104.75,104.96875,1,131
930607,105.25,105.5,105.21875,105.40625,12,142
930608,105,105,105,105,0,142
930609,105.625,105.625,105.625,105.625,0,142
930610,105.625,105.625,105.5625,105.625,21,122
930611,106.375,106.6875,106.375,106.625,71,121
930614,106.53125,106.53125,106.53125,106.53125,0,121
930615,106.71875,106.78125,106.34375,106.40625,46,157
930616,106.375,106.5,106.375,106.5,21,159
930617,106.78125,106.8125,106.78125,106.8125,502,659
930618,106.625,106.8125,106.625,106.8125,5,661
930621,107.4375,107.4375,107.3125,107.3125,2,661
930622,107.53125,107.53125,107.3125,107.3125,2,662
930623,107.46875,107.46875,107.46875,107.46875,2,661
930624,107.875,107.875,107.875,107.875,0,661
930625,107.8125,108.46875,107.8125,108.46875,6,662
930628,108.78125,108.875,108.6875,108.875,1092,1359
930629,108.78125,108.78125,108.78125,108.78125,0,1359
930630,108.6875,108.71875,108.6875,108.71875,1,1359
930701,108.875,108.875,108.5,108.59375,527,1861
930702,108.6875,108.6875,108.6875,108.6875,0,1861
930706,108.78125,108.78125,108.28125,108.28125,1,1862
930707,108.09375,108.5625,108.09375,108.3125,3,1860
930708,108.09375,108.71875,108.09375,108.71875,4,1858
930709,108.875,109.0625,108.875,109.0625,1,1858
930712,109.4375,109.4375,109.375,109.375,1,1858
930713,109.4375,109.4375,109.4375,109.4375,0,1858
930714,110.40625,110.4375,110.3125,110.3125,21,1858
930715,110.28125,110.28125,110.28125,110.28125,0,1859
930716,110.5,110.8125,110.5,110.5625,100,1959
930719,110.625,110.65625,110.28125,110.65625,6,1965
930720,110.34375,110.59375,110.34375,110.5625,4,1969
930721,110.34375,110.34375,109.96875,109.96875,22,1965
930722,109.9375,109.9375,109.375,109.46875,142,1965
930723,109.5,109.5,108.65625,108.8125,60,2005
930726,109.15625,109.15625,108.8125,109.09375,353,2234
930727,109,109.125,108.96875,109.125,250,2484
930728,108.90625,109.40625,108.90625,109.375,512,2986
930729,109.78125,110.5625,109.78125,110.5625,404,3290
930730,110.46875,110.59375,110.21875,110.46875,9,3283
930802,110.28125,110.46875,110.28125,110.375,5,3287
930803,110.90625,110.96875,110.6875,110.75,104,3295
930804,110.625,110.625,110.4375,110.4375,5,3293
930805,110.625,110.625,110.25,110.3125,8,3297
930806,110.3125,110.3125,110.3125,110.3125,0,3297
930809,111.125,111.125,111,111,8,3301
930810,111,111.1875,111,111.1875,1,3302
930811,111.0625,111.875,111.0625,111.75,5562,5561
930812,111.96875,112.3125,111.4375,111.4375,1503,6325
930813,111.25,111.84375,111.25,111.71875,2204,7171
930816,111.6875,112,111.6875,112,1768,7905
930817,112,112.03125,111.75,111.75,339,7932
930818,112,112,111.875,111.875,1185,8295
930819,112,112.15625,111.71875,112.03125,1368,9118
930820,111.75,112.625,111.75,112.625,659,9438
930823,112.6875,112.75,112.65625,112.65625,663,8909
930824,112.53125,113.28125,112.53125,113.28125,1050,9180
930825,113.28125,113.40625,113.03125,113.375,640,8954
930826,113.34375,114.625,113.3125,114.625,1264,9901
930827,114.5625,114.5625,113.90625,114.3125,552,9978
930830,114.40625,114.8125,114.40625,114.5625,322,10108
930831,114.875,114.875,114.5,114.65625,431,10451
930902,114.34375,115.25,114.34375,115.1875,2369,11069
930903,115.65625,116.0625,115.5,116.03125,347,11044
930907,115.75,116.90625,115.75,116.71875,45,11068
930908,116.875,117,116.6875,116.875,618,11310
930909,116.875,116.875,115.53125,115.53125,1428,12083
930910,116,116.5,115.875,116.46875,102,11898
930913,116.8125,116.875,116.75,116.75,62,11885
930914,115.875,115.875,115.40625,115.40625,119,11786
930915,114.6875,115.1875,114.59375,115.1875,206,11787
930916,115.46875,115.46875,115.46875,115.46875,19,11804
930917,115.625,115.625,115.25,115.25,2841,12648
930920,115.0625,115.15625,114.53125,114.59375,148,12727
930921,114.4375,114.625,113.5,113.5,65,12773
930922,113.71875,113.96875,113.6875,113.96875,520,12246
930923,114.40625,114.65625,114.125,114.1875,13,12256
930924,114.21875,114.5,114.21875,114.5,51,12258
930927,115.15625,115.8125,115.15625,115.8125,5,12258
930928,116.03125,116.34375,115.9375,116.09375,58,12309
930929,116.09375,116.09375,115.15625,115.15625,53,12307
930930,115,115.03125,114.53125,114.625,2,12308
931001,114.6875,115.59375,114.3125,115.59375,1821,11684
931004,115.59375,115.59375,115.59375,115.59375,0,10784
931005,115.40625,115.40625,115.40625,115.40625,0,10784
931006,115.375,115.46875,115.375,115.46875,176,10784
931007,115.5,115.53125,115.46875,115.46875,703,10564
931008,115.34375,116.78125,115.34375,116.78125,160,10534
931011,116.625,116.75,116.625,116.75,30,10538
931012,117.0625,117.15625,116.75,116.78125,511,10036
931013,116.625,116.78125,116.5625,116.5625,129,10036
931014,117.28125,117.46875,117.28125,117.46875,297,10168
931015,117.625,118.25,117.625,118.1875,430,10012
931018,118.03125,118.03125,117.125,117.125,17,10011
931019,117.375,117.5,117.28125,117.28125,8,10019
931020,117.375,117.46875,117.375,117.46875,495,10234
931021,117.03125,117.03125,116.15625,116.15625,657,10316
931022,116.15625,116.5625,115.28125,115.28125,213,10423
931025,115.46875,115.90625,114.5,114.96875,706,10426
931026,115,115.28125,114.75,115.25,11,10386
931027,115.0625,115.0625,114.90625,115.03125,3532,10440
931028,114.78125,115.5625,114.46875,115.5625,519,10011
931029,115.5,115.625,115.3125,115.375,380,10126
931101,114.90625,114.90625,114.25,114.25,105,10158
931102,113.75,113.8125,113.03125,113.28125,387,10288
931103,113.28125,113.3125,113.03125,113.1875,1187,11178
931104,113.125,113.28125,112.1875,112.1875,893,11142
931105,112.34375,112.46875,111.84375,111.84375,1052,11799
931108,112.09375,112.59375,112.09375,112.5625,141,11305
931109,112.78125,113.875,112.78125,113.3125,777,11151
931110,113.1875,113.1875,112.78125,112.8125,8,11144
931111,112.625,112.625,112.125,112.125,6,11148
931112,112.03125,113.4375,112.03125,113.4375,766,11330
931115,113.34375,113.46875,112.96875,113.1875,120,11329
931116,113.59375,113.59375,113.03125,113.40625,55,11354
931117,113.5625,113.96875,113.125,113.125,3,11357
931118,112.65625,112.90625,112.40625,112.46875,1425,11862
931119,111.84375,111.9375,111.25,111.28125,169,11804
931122,111.59375,111.59375,110.96875,110.96875,103,11803
931123,110.84375,111.9375,110.84375,111.9375,9,11808
931124,111.9375,112.03125,111.625,111.625,32,11836
931126,112.21875,112.34375,112,112.3125,90,11831
931129,112.84375,113.1875,112.5625,112.5625,978,11950
931130,111.4375,111.875,111.4375,111.875,119,11964
931201,111.6875,112.28125,111.6875,112.28125,18,11960
931202,112.40625,112.40625,112.25,112.34375,94,12019
931203,112,112.65625,112,112.65625,31,12056
931206,113.1875,113.90625,113.0625,113.90625,318,12249
931207,113.71875,114.0625,113.46875,113.84375,131,12263
931208,113.5625,113.9375,113.53125,113.875,1226,12313
931209,114.1875,114.34375,114.09375,114.09375,181,12387
931210,114,114.0625,113.21875,113.21875,11,12394
931213,112.75,112.9375,112.5625,112.875,37,12419
931214,113,113,112.15625,112.21875,229,12522
931215,112.21875,112.375,112.0625,112.0625,76,12528
931216,112.125,112.28125,111.9375,112,70,12557
931217,112.40625,112.40625,112.25,112.375,229,12641
931220,112.3125,112.3125,112.1875,112.1875,10,12641
931221,111.96875,112.125,111.6875,112.125,259,12618
931222,112.34375,113.46875,112.34375,113.46875,1206,12576
931223,113.40625,113.78125,113.375,113.78125,35,12581
931227,113.875,113.875,113.65625,113.71875,715,12594
931228,113.53125,113.6875,113.21875,113.65625,1553,13052
931229,113.6875,113.6875,113.125,113.21875,3906,12756
931230,113.09375,113.09375,112.15625,112.15625,1606,12833
931231,112.09375,112.28125,112,112.15625,619,13192
940103,112.125,112.125,111.125,111.25,265,13516
940104,111.375,111.84375,111.15625,111.84375,1486,13318
940105,111.84375,111.84375,111.28125,111.46875,437,13558
940106,111.78125,112.28125,111.75,112.1875,93,13576
940107,112,113.78125,112,113.71875,1034,14417
940110,113.71875,114.125,113.71875,113.9375,1512,14609
940111,113.78125,114.125,113.6875,114.03125,833,14826
940112,114.25,114.96875,114.25,114.84375,236,14872
940113,114.46875,114.65625,113.59375,113.625,63,15029
940114,113.53125,113.65625,112.84375,113.125,1345,14878
940117,113,113,112.9375,112.9375,11,14688
940118,113.46875,113.5625,113.46875,113.5625,2563,15850
940119,113.59375,113.75,113.3125,113.53125,1883,16822
940120,113.40625,114.125,113.25,114.09375,1750,17802
940121,114.125,114.25,113.71875,113.78125,1648,18739
940124,113.5,114.09375,113.5,113.6875,4482,20724
940125,113.375,113.5625,113.21875,113.21875,4110,23065
940126,113.09375,113.53125,112.9375,113.53125,751,23019
940127,113.9375,114.34375,113.5,114.3125,4343,25116
940128,114.5625,115.3125,114.5625,114.9375,5861,26012
940131,114.875,115.25,114.625,114.625,674,25654
940201,114.5,114.5,113.65625,113.65625,2181,24947
940202,113.71875,113.9375,113.59375,113.9375,215,24990
940203,113.75,113.8125,113.25,113.5625,1749,25372
940204,113.46875,114.15625,112.5,112.5625,913,25835
940207,112.3125,112.65625,112,112.46875,236,25881
940208,112.25,112.28125,111.875,111.875,2237,25006
940209,111.78125,112.3125,111.6875,112.3125,1723,24817
940210,112.40625,112.78125,112.125,112.15625,128,24823
940211,112.4375,112.71875,111.84375,112.71875,51,24808
940214,112.4375,112.75,112.0625,112.125,64,24806
940215,112.3125,112.46875,112,112.3125,912,24589
940216,112.40625,112.5,112.15625,112.15625,1496,23941
940217,112.96875,112.96875,111.15625,111.15625,108,24028
940218,111.4375,111.4375,109.96875,110.28125,170,23955
940222,110.375,110.8125,109.96875,110.71875,975,24640
940223,110.84375,110.84375,109.9375,109.9375,2325,23680
940224,109.71875,110.09375,109.03125,109.03125,3018,23411
940225,109.09375,109.65625,109,109.25,158,23265
940228,109.59375,109.9375,109.40625,109.9375,469,23094
940301,110,110,108.46875,108.46875,1472,23016
940302,108.0625,108.875,107.8125,108.65625,136,23029
940303,108.65625,108.65625,107.6875,107.96875,224,23056
940304,107.9375,108.375,107.5,108.1875,1272,23096
940307,108.40625,109,108.40625,108.65625,556,23200
940308,108.9375,108.96875,108,108,2619,23057
940309,107.9375,108.1875,107.59375,108.125,1955,24474
940310,108.3125,108.3125,106.8125,106.875,1542,24519
940311,106.75,107.46875,106.375,107.4375,2468,25520
940314,107.6875,107.6875,106.84375,107.1875,577,25640
940315,106.9375,107.75,106.9375,107.46875,1723,25346
940316,107.6875,108.40625,107,108.40625,3206,25791
940317,108.5,108.71875,108.09375,108.1875,927,26438
940318,107.71875,107.71875,107.125,107.25,3254,27768
940321,107.09375,107.125,106.625,106.96875,2932,29273
940322,107,108.03125,106.8125,108.03125,1645,30000
940323,107.96875,108.125,107.71875,107.90625,140,29961
940324,107.1875,107.1875,106.28125,106.375,984,30274
940325,106.9375,106.9375,106.15625,106.15625,286,30350
940328,106.53125,106.65625,105.96875,106.3125,2288,30658
940329,106.1875,106.25,105.15625,105.4375,1617,31175
940330,105.5625,105.65625,104.75,104.78125,327,31166
940331,104.875,105.15625,104.21875,104.75,425,31236
940401,105.21875,105.21875,103,103.09375,1161,31257
940404,103.3125,103.53125,101.5625,101.6875,1729,31542
940405,101.75,103.40625,101.75,103.21875,1669,30827
940406,103.40625,103.625,102.59375,103.375,189,30800
940407,103.59375,103.90625,103.15625,103.8125,1101,31320
940408,103.65625,103.65625,102.8125,103.21875,795,31135
940411,103.3125,103.59375,102.84375,103.5625,178,31165
940412,103.71875,104.125,103.53125,104.125,281,31279
940413,104.4375,104.53125,103.1875,103.34375,314,31315
940414,103.09375,103.25,102.6875,103,2163,32908
940415,102.6875,103.21875,102.625,103.03125,622,32838
940418,103,103,101.5,101.78125,818,32683
940419,101.375,102.46875,101.375,102.375,1187,32799
940420,102.09375,102.8125,102.03125,102.8125,283,32961
940421,102.96875,104.28125,102.84375,104.125,907,32762
940422,104.21875,104.40625,103.59375,103.96875,920,32941
940425,104.125,104.84375,104.125,104.84375,320,32935
940426,104.65625,105.1875,104.28125,105.03125,1312,33687
940428,105.15625,105.625,102.9375,103.125,954,33798
940429,103.28125,103.3125,102.46875,102.90625,1695,33161
940502,102.875,102.90625,102.25,102.84375,448,33410
940503,102.5625,103.09375,102.21875,102.625,345,33463
940504,102.8125,103.09375,102.03125,102.71875,142,33412
940505,103.1875,103.1875,102.8125,102.90625,417,33275
940506,102,102.09375,100.71875,100.90625,756,33340
940509,100.75,100.84375,99.9375,100.0625,574,33384
940510,99.90625,101.875,99.90625,101.59375,434,33487
940511,101.40625,101.71875,99.75,100.5625,1871,33590
940512,101.21875,101.84375,100.625,100.8125,441,33635
940513,101.28125,101.84375,100.4375,101.59375,995,33885
940516,101.59375,102.34375,101.53125,102.09375,1238,34146
940517,102.125,103.625,101.90625,103.59375,735,34013
940518,103.875,104.25,103.3125,103.78125,3956,34743
940519,103.75,104.46875,103.375,104.3125,2119,34686
940520,104.34375,104.4375,103.1875,103.46875,496,34858
940523,103.1875,103.1875,102.0625,102.09375,242,34856
940524,102.125,103.09375,102.09375,102.5625,1129,34787
940525,102.4375,103.0625,101.6875,102.78125,3288,36230
940526,102.9375,103.25,102.6875,102.8125,1191,35424
940527,103,103.0625,101.875,102.5,2763,36050
940531,102.09375,102.1875,101.4375,101.96875,2693,35168
940601,102.0625,102.65625,101.09375,102.65625,1322,35408
940602,102.59375,103.15625,102.59375,103.09375,1663,35569
940603,103.125,104.28125,102.40625,104.15625,915,35831
940606,104.4375,105.03125,104.375,104.78125,3114,36104
940607,104.6875,104.78125,104.15625,104.375,3530,36843
940608,104.375,105.15625,103.96875,104.03125,8558,36319
940609,104,104.1875,103.78125,104.1875,1110,36322
940610,104.125,104.5,103.5,103.6875,581,36391
940613,103.65625,103.71875,103.09375,103.34375,422,36444
940614,103.34375,104.3125,103.28125,104.03125,1269,36411
940615,104.1875,104.28125,102.875,102.875,782,36282
940616,102.875,103.25,102.28125,103.1875,2730,37342
940617,103.46875,103.53125,102.09375,102.3125,1897,37345
940620,102.25,102.6875,101.75,102.15625,2476,37923
940621,102.0625,102.28125,101.40625,101.6875,2202,38355
940622,101.71875,103.21875,101.6875,102.90625,594,38386
940623,102.96875,103.3125,102.5625,103.0625,3962,40061
940624,103.03125,103.03125,101.5,101.75,1304,40493
940627,101.65625,102.53125,101.09375,102.46875,8491,44279
940628,102.375,102.4375,101.21875,101.5,1513,44001
940629,101.53125,102.03125,101.25,101.78125,4612,47124
940630,101.75,101.9375,100.40625,100.46875,4562,49488
940701,100.53125,100.8125,100.25,100.5625,421,49535
940705,100.625,100.90625,100.28125,100.84375,4248,51765
940706,100.75,100.875,100.34375,100.71875,3600,53021
940707,100.84375,101.1875,100.75,100.8125,5699,54418
940708,100.6875,100.8125,99.5625,99.78125,2989,55246
940711,99.5625,99.90625,99.25,99.5,1499,55667
940712,99.4375,100.40625,99.34375,100,2625,56510
940713,100,100.34375,99.78125,100.15625,1186,56735
940714,100.125,102.0625,100,101.875,2607,57075
940715,101.8125,102.5,101.40625,101.78125,6630,56995
940718,101.71875,102.4375,101.65625,102.28125,1511,57354
940719,102.21875,102.84375,102,102.8125,5158,59091
940720,102.78125,102.9375,101.5625,101.84375,3860,59341
940721,101.8125,102.09375,101.46875,101.9375,1554,60127
940722,101.9375,102.21875,101.625,101.90625,1965,60499
940725,101.6875,102.34375,101.6875,102.28125,575,60478
940726,102.1875,102.1875,101.84375,102.09375,1896,60082
940727,102.125,102.125,101.34375,101.5625,5577,62885
940728,101.46875,102.3125,101.125,102.25,3899,62418
940729,102.15625,104.09375,102.09375,104.03125,10218,65132
940801,103.875,103.875,103.4375,103.84375,3310,66223
940802,104,104.625,103.84375,103.90625,3580,65231
940803,103.84375,104.03125,103.53125,104.03125,3092,65239
940804,104.03125,104.0625,103.625,103.8125,10255,69776
940805,103.71875,104.5,102.3125,102.375,9144,73842
940808,102.3125,102.75,102.25,102.53125,2615,73933
940809,102.4375,102.4375,101.84375,102.125,13072,77226
940810,102.15625,102.21875,101.75,102.125,6096,79863
940811,102.15625,102.46875,101,101.3125,6201,80591
940812,101.21875,102.15625,100.90625,102,27853,91003
940815,101.875,102.03125,101.59375,101.8125,7456,91675
940816,101.78125,103.28125,101.75,103.25,13545,98539
940817,103.40625,103.75,103.3125,103.34375,19491,103419
940818,103.125,103.15625,101.96875,101.96875,13191,106964
940819,102,102.21875,101.5625,102.03125,17952,115817
940822,102,102.09375,101.3125,101.34375,8870,118880
940823,101.3125,102.03125,101.25,101.625,13795,123840
940824,101.5625,102.59375,101.5,102.5625,31636,135383
940825,102.5625,102.6875,101.5625,101.59375,21585,146232
940826,101.65625,102.96875,101.625,102.40625,54021,164299
940829,102.4375,102.8125,102.0625,102.21875,30213,173762
940830,102.25,102.75,102.25,102.6875,67801,206916
940831,102.71875,102.96875,102.25,102.90625,290935,245672
940901,102.875,102.90625,102.46875,102.78125,239281,262045
940902,102.84375,103.78125,102.25,102.28125,515914,292063
940906,102.3125,102.375,101.5,101.75,276263,296301
940907,101.8125,101.9375,101.25,101.40625,345379,312632
940908,101.5,101.8125,101.28125,101.4375,226783,308407
940909,101.4375,101.59375,99.625,99.78125,627281,343086
940912,99.84375,100.0625,99.6875,99.78125,240058,339524
940913,99.78125,100.375,99.46875,100.03125,541072,349626
940914,100.1875,100.46875,99.8125,100.34375,261267,347749
940915,100.375,100.875,100.3125,100.75,254124,351363
940916,100.84375,100.875,98.96875,99.25,563418,379772
940919,99.375,99.75,99.28125,99.6875,205517,378546
940920,99.59375,99.65625,98.8125,99.40625,390463,392493
940921,99.4375,99.71875,98.90625,99.15625,483801,397114
940922,99.0625,99.5625,99.03125,99.40625,341078,388620
940923,99.40625,99.71875,98.96875,99.28125,312101,393470
940926,99.28125,99.5625,99.125,99.28125,178853,386515
940927,99.25,99.28125,98.625,98.71875,296319,387858
940928,98.71875,99.5625,98.6875,99.15625,422175,394650
940929,99.125,99.3125,98.34375,98.6875,426427,396507
940930,98.75,99.1875,98.5,98.9375,365017,397536
941003,98.875,99.1875,98.40625,98.59375,272575,398008
941004,98.65625,98.8125,98.28125,98.34375,245866,395876
941005,98.34375,98.375,97.53125,97.78125,392246,396320
941006,97.78125,98.03125,97.6875,97.71875,213579,392342
941007,97.65625,98.34375,97,98.21875,598941,410617
941010,98.3125,98.46875,98.09375,98.4375,47125,403582
941011,98.4375,99.125,98.4375,98.78125,341994,412391
941012,98.75,98.78125,98.5,98.5625,196519,399433
941013,98.46875,99.5625,98.40625,99.125,472345,406249
941014,99,99.5625,98.40625,99.34375,454175,405614
941017,99.375,99.46875,98.90625,99.3125,231467,403582
941018,99.4375,99.65625,99,99.03125,314500,397726
941019,98.9375,98.9375,98.5,98.65625,287643,394087
941020,98.65625,98.75,97.59375,97.625,488157,400071
941021,97.65625,97.9375,97.34375,97.90625,358674,393585
941024,97.90625,98.0625,97.25,97.40625,221683,394796
941025,97.34375,97.5625,96.9375,97.28125,413166,396416
941026,97.3125,97.65625,96.9375,97.25,348974,390012
941027,97.1875,97.53125,97.09375,97.375,253774,380484
941028,97.34375,98.46875,96.90625,98.34375,564257,398812
941031,98.375,98.40625,97.96875,98.34375,240085,387423
941101,98.34375,98.34375,97.21875,97.28125,407392,388605
941102,97.25,97.46875,96.75,97.0625,523191,386691
941103,97,97.1875,96.65625,96.8125,311734,384407
941104,96.84375,97.4375,96.1875,96.21875,462673,396911
941107,96.21875,96.40625,96.03125,96.28125,226300,392282
941108,96.3125,96.84375,96.21875,96.75,301228,385940
941109,96.84375,97.40625,96.75,97.1875,468803,393900
941110,97.15625,97.875,96.5625,96.59375,650239,396159
941111,96.53125,96.625,96.03125,96.0625,95872,390871
941114,96.0625,97.25,96.0625,97.21875,322156,391601
941115,97.25,98.125,96.875,97.71875,454568,390069
941116,97.4375,98.25,96.96875,97.09375,550582,404466
941117,97.1875,97.28125,96.3125,96.71875,511544,399928
941118,96.75,96.96875,96.40625,96.78125,360030,408031
941121,96.8125,97.03125,96.65625,96.8125,194463,372281
941122,96.8125,97.34375,96.8125,97.15625,332712,345260
941123,97.28125,99.03125,97.28125,98.78125,468249,323087
941125,98.59375,99.09375,98.5,98.96875,112906,312551
941128,99,99,98.25,98.53125,350235,285032
941129,98.5625,98.625,97.78125,98.03125,152872,219013
941130,97.96875,98.75,97.8125,98.6875,66458,184328
941201,98.625,98.625,98.09375,98.375,32844,167392
941202,98.5,99.5625,97.9375,99.46875,67790,136876
941205,99.53125,99.78125,99.09375,99.21875,43557,117726
941206,99.34375,100.34375,99.21875,100.3125,18092,105381
941207,100.15625,100.1875,99.15625,99.53125,15352,99641
941208,99.65625,99.75,99.25,99.71875,10113,96284
941209,99.6875,100.28125,99.6875,100.125,26576,81437
941212,99.84375,99.84375,99.25,99.40625,16258,72760
941213,99.40625,100.0625,99.0625,100.03125,34242,54521
941214,100,100.46875,99.71875,99.90625,17277,43283
941215,99.84375,100.15625,99.65625,99.90625,8610,33110
941216,99.8125,100.1875,99.75,100.03125,9832,28162
941219,100,100.40625,99.9375,100.3125,17406,17067
941220,100.28125,100.4375,100.15625,100.34375,15290,8874
