910731,89.53125,89.53125,89.5,89.5,1,1
910801,89.1875,89.1875,89.1875,89.1875,0,1
910802,89.875,89.875,89.875,89.875,0,1
910805,89.96875,89.96875,89.96875,89.96875,0,1
910806,90.34375,90.34375,90.34375,90.34375,0,1
910807,90.53125,90.53125,90.53125,90.53125,0,1
910808,90,90,90,90,0,1
910809,89.875,89.875,89.875,89.875,0,1
910812,90,90.21875,90,90.21875,4,4
910813,90.59375,90.59375,90.59375,90.59375,0,4
910814,91.59375,91.59375,91.59375,91.59375,0,4
910815,91.46875,91.46875,91.46875,91.46875,0,4
910816,91.5,91.5,91.5,91.5,0,4
910819,91.3125,91.3125,91.3125,91.3125,0,4
910820,91.78125,91.78125,91.78125,91.78125,0,4
910821,92.09375,92.09375,92.09375,92.09375,0,4
910822,92.28125,92.28125,92.28125,92.28125,0,4
910823,91.65625,91.65625,91.65625,91.65625,0,4
910826,91.53125,91.53125,91.53125,91.53125,0,4
910827,91.75,91.75,91.75,91.75,0,4
910828,92.3125,92.3125,92.3125,92.3125,0,4
910829,92.9375,92.9375,92.9375,92.9375,0,4
910830,92.28125,92.28125,92.28125,92.28125,0,4
910903,92.34375,92.34375,92.34375,92.34375,0,4
910904,92.25,92.25,92.25,92.25,0,4
910905,92.03125,92.03125,92.03125,92.03125,0,4
910906,92.875,92.875,92.875,92.875,0,4
910909,93.0625,93.0625,93.0625,93.0625,0,4
910910,92.90625,92.90625,92.90625,92.90625,0,4
910911,92.84375,92.84375,92.84375,92.84375,0,4
910912,93.53125,93.53125,93.53125,93.53125,0,4
910913,93.34375,93.34375,93.34375,93.34375,0,4
910916,93.5625,93.5625,93.5625,93.5625,5,6
910917,93.75,93.75,93.75,93.75,0,6
910918,93.65625,93.65625,93.65625,93.65625,0,6
910919,93.71875,93.71875,93.71875,93.71875,0,6
910920,94,94,94,94,0,6
910923,94.0625,94.0625,94.0625,94.0625,0,6
910924,93.75,93.75,93.75,93.75,0,6
910925,93.65625,93.65625,93.65625,93.65625,0,6
910926,93.75,93.75,93.75,93.75,0,6
910927,94.40625,94.40625,94.40625,94.40625,0,6
910930,94.65625,94.65625,94.53125,94.53125,3,9
911001,94.4375,94.4375,94.4375,94.4375,0,9
911002,94.3125,94.3125,94.3125,94.3125,0,9
911003,93.96875,93.96875,93.96875,93.96875,0,9
911004,94.4375,94.4375,94.4375,94.4375,0,9
911007,94.4375,94.4375,94.4375,94.4375,0,9
911008,94.125,94.125,94.125,94.125,0,9
911009,93.0625,93.0625,93.0625,93.0625,0,9
911010,92.875,92.875,92.875,92.875,0,9
911011,93.96875,93.96875,93.96875,93.96875,0,9
911014,93.8125,93.8125,93.8125,93.8125,0,9
911015,94.0625,94.0625,94.0625,94.0625,0,9
911016,93.96875,93.96875,93.96875,93.96875,0,9
911017,92.6875,92.6875,92.6875,92.6875,0,9
911018,93.21875,93.21875,93.21875,93.21875,0,9
911021,92.1875,92.1875,92.1875,92.1875,0,9
911022,91.6875,91.6875,91.6875,91.6875,0,9
911023,91.84375,91.84375,91.84375,91.84375,0,9
911024,92.34375,92.34375,92.34375,92.34375,0,9
911025,92.125,92.125,92.125,92.125,0,9
911028,92.375,92.375,92.375,92.375,0,9
911029,93.75,93.75,93.75,93.75,0,9
911030,93.6875,93.6875,93.6875,93.6875,0,9
911031,93.28125,93.28125,93.28125,93.28125,0,9
911101,93,93,93,93,0,9
911104,92.59375,92.59375,92.59375,92.59375,0,9
911105,92,92,92,92,2,10
911106,92.15625,92.15625,92.15625,92.15625,0,10
911107,93.0625,93.0625,93.0625,93.0625,0,10
911108,93.8125,93.8125,93.625,93.625,10,10
911111,93.78125,93.78125,93.78125,93.78125,0,10
911112,94.375,94.375,94.375,94.375,0,10
911113,93.375,93.375,93.375,93.375,0,10
911114,94,94,94,94,0,10
911115,94.09375,94.125,93.46875,93.46875,25,35
911118,93.53125,93.59375,93.53125,93.59375,25,60
911119,92.9375,92.9375,92.9375,92.9375,0,60
911120,92.78125,92.78125,92.78125,92.78125,0,60
911121,91.90625,91.90625,91.90625,91.90625,0,60
911122,91.59375,91.59375,91.59375,91.59375,0,60
911125,91.5625,91.5625,91.5625,91.5625,0,60
911126,91.84375,91.84375,91.84375,91.84375,0,60
911127,91.40625,91.40625,91.40625,91.40625,0,60
911129,91.65625,91.65625,91.65625,91.65625,0,60
911202,91.8125,91.9375,91.8125,91.9375,10,60
911203,92.34375,92.34375,92.34375,92.34375,0,60
911204,92.40625,93.03125,92.40625,93.03125,2,62
911205,93.15625,93.15625,92.78125,92.78125,11,60
911206,93.46875,94.03125,93.34375,93.34375,53,60
911209,93.625,93.625,93.3125,93.46875,3,63
911210,93.34375,93.34375,93.34375,93.34375,0,63
911211,93.21875,93.21875,93.21875,93.21875,0,63
911212,93.71875,94.03125,93.71875,94.03125,3,63
911213,93.6875,93.6875,93.6875,93.6875,0,63
911216,93.90625,93.90625,93.90625,93.90625,0,63
911217,94.28125,94.28125,94.28125,94.28125,0,63
911218,94.34375,94.34375,94.34375,94.34375,0,63
911219,95.5,95.5,95.5,95.5,0,63
911220,95.9375,96.03125,95.9375,96.03125,1,63
911223,95.90625,96.40625,95.90625,96.40625,4,63
911224,96.40625,96.40625,96.40625,96.40625,0,63
911226,96.625,96.6875,96.625,96.6875,1,63
911227,96.625,96.625,96.625,96.625,0,63
911230,97.3125,97.3125,97.3125,97.3125,0,63
911231,97.875,97.875,97.875,97.875,0,63
920102,97.125,97.125,97.125,97.125,0,63
920103,97,97,97,97,1,62
920106,97.59375,97.59375,97.59375,97.59375,0,62
920107,98.1875,98.1875,98.1875,98.1875,0,62
920108,97.9375,97.9375,97.9375,97.9375,0,62
920109,97.78125,97.78125,97.78125,97.78125,0,62
920110,97.34375,97.34375,97.34375,97.34375,0,62
920113,97.09375,97.09375,97.09375,97.09375,0,62
920114,96.78125,96.78125,96.78125,96.78125,0,62
920115,96.46875,96.59375,96.40625,96.5625,5,60
920116,95.71875,95.71875,95.71875,95.71875,0,60
920117,96.21875,96.21875,96.21875,96.21875,0,60
920120,96.53125,96.53125,96.53125,96.53125,0,60
920121,96.46875,96.46875,96.46875,96.46875,0,60
920122,95.84375,96.0625,95.84375,96.0625,2,60
920123,95,95,95,95,0,60
920124,95.09375,95.09375,95.09375,95.09375,0,60
920127,95.125,95.125,95.125,95.125,0,60
920128,95.625,95.78125,95.625,95.78125,20,60
920129,94.4375,94.4375,94.4375,94.4375,0,60
920130,93.96875,93.96875,93.96875,93.96875,0,60
920131,94.3125,94.3125,94.3125,94.3125,0,60
920203,93.8125,93.8125,93.8125,93.8125,0,60
920204,94.40625,94.40625,94.40625,94.40625,0,60
920205,94.5625,94.5625,94.5625,94.5625,0,60
920206,94.59375,94.59375,94.59375,94.59375,0,60
920207,94.3125,94.3125,94.3125,94.3125,0,60
920210,94.09375,94.09375,94.09375,94.09375,0,60
920211,94.15625,94.15625,94.15625,94.15625,0,60
920212,94.125,94.125,94.125,94.125,0,60
920213,93.09375,93.09375,93.09375,93.09375,0,60
920214,93.09375,93.09375,93.09375,93.09375,0,60
920218,92.4375,92.4375,92.4375,92.4375,0,60
920219,92.96875,92.96875,92.96875,92.96875,0,60
920220,93.21875,93.21875,93.21875,93.21875,6,65
920221,92.96875,92.96875,92.96875,92.96875,0,65
920224,92.8125,92.8125,92.8125,92.8125,0,65
920225,93.15625,93.15625,93.15625,93.15625,0,65
920226,94.21875,94.21875,94.21875,94.21875,0,65
920227,93.9375,93.9375,93.9375,93.9375,0,65
920228,94.625,94.625,94.625,94.625,0,65
920302,94.3125,94.3125,93.59375,93.59375,1,65
920303,93.25,93.25,93.25,93.25,0,65
920304,93.5,93.5,93.5,93.5,0,65
920305,93.03125,93.03125,93.03125,93.03125,0,65
920306,93.25,93.25,93.25,93.25,0,65
920309,93.71875,93.71875,93.71875,93.71875,0,65
920310,93.625,93.625,93.625,93.625,0,65
920311,92.875,92.875,92.875,92.875,0,65
920312,92.0625,92.0625,92.0625,92.0625,0,65
920313,92.09375,92.09375,92.09375,92.09375,0,65
920316,92,92,92,92,0,65
920317,92.84375,92.84375,92.84375,92.84375,0,65
920318,92.90625,92.90625,92.90625,92.90625,0,65
920319,93.15625,93.15625,93.15625,93.15625,0,65
920320,93.34375,93.34375,92.5,92.5,14,60
920323,92.6875,92.6875,92.6875,92.6875,0,60
920324,93.59375,93.59375,93.59375,93.59375,0,60
920325,93.5625,93.5625,93.5625,93.5625,0,60
920326,92.9375,92.9375,92.9375,92.9375,0,60
920327,93.46875,93.46875,93.46875,93.46875,0,60
920330,93.53125,93.53125,93.53125,93.53125,0,60
920331,93.3125,93.3125,93.3125,93.3125,0,60
920401,93.78125,93.78125,93.78125,93.78125,0,60
920402,93.5625,93.5625,93.5625,93.5625,0,60
920403,93.9375,93.9375,93.9375,93.9375,0,60
920406,93.875,93.875,93.875,93.875,0,60
920407,93.84375,93.84375,93.84375,93.84375,0,60
920408,93.21875,93.21875,93.21875,93.21875,0,60
920409,93.9375,93.9375,93.9375,93.9375,0,60
920410,93.625,93.625,93.625,93.625,0,60
920413,93.625,93.625,93.625,93.625,0,60
920415,93.875,93.875,93.875,93.875,0,60
920416,93.4375,93.4375,93.4375,93.4375,0,60
920420,92.46875,92.46875,92.46875,92.46875,0,60
920421,92.34375,92.34375,92.34375,92.34375,0,60
920422,92.25,92.25,92.25,92.25,0,60
920423,91.9375,91.9375,91.9375,91.9375,0,60
920424,92,92,92,92,0,60
920427,91.59375,91.59375,91.59375,91.59375,0,60
920428,92.125,92.125,92.125,92.125,0,60
920429,91.84375,91.84375,91.84375,91.84375,0,60
920430,92.03125,92.03125,92.03125,92.03125,0,60
920501,92.5,92.5,92.5,92.5,0,60
920504,92.25,92.25,92.25,92.25,0,60
920505,92.40625,92.40625,92.40625,92.40625,0,60
920506,92.8125,92.8125,92.8125,92.8125,0,60
920507,92.625,92.625,92.625,92.625,0,60
920508,93.625,93.625,93.625,93.625,0,60
920511,93.6875,93.6875,93.6875,93.6875,0,60
920512,94.03125,94.03125,94.03125,94.03125,0,60
920513,94.03125,94.03125,94.03125,94.03125,0,60
920514,93.90625,93.90625,93.90625,93.90625,0,60
920515,94.59375,94.59375,94.59375,94.59375,0,60
920518,94.5,94.5,94.5,94.5,0,60
920519,95,95,95,95,0,60
920520,94.59375,94.59375,94.59375,94.59375,0,60
920521,94.1875,94.1875,94.1875,94.1875,0,60
920522,94.4375,94.4375,94.4375,94.4375,0,60
920526,93.3125,93.3125,93.3125,93.3125,0,60
920527,93.59375,93.59375,93.59375,93.59375,0,60
920528,93.90625,93.90625,93.90625,93.90625,0,60
920529,94.3125,94.3125,94.3125,94.3125,0,60
920601,93.53125,93.53125,93.53125,93.53125,0,60
920602,93.75,93.75,93.75,93.75,0,60
920603,93.78125,93.78125,93.78125,93.78125,0,60
920604,94.03125,94.03125,94.03125,94.03125,0,60
920605,94.28125,94.28125,94.28125,94.28125,0,60
920608,94.3125,94.3125,94.3125,94.3125,0,60
920609,93.875,93.875,93.875,93.875,0,60
920610,93.71875,93.71875,93.71875,93.71875,0,60
920611,93.90625,93.90625,93.90625,93.90625,0,60
920612,94.1875,94.1875,94.1875,94.1875,0,60
920615,94.3125,94.3125,94.3125,94.3125,0,60
920616,94.6875,94.6875,94.6875,94.6875,0,60
920617,94.75,94.75,94.75,94.75,0,60
920618,94.9375,94.9375,94.9375,94.9375,0,60
920619,94.625,94.625,94.625,94.625,0,60
920622,94.59375,94.59375,94.59375,94.59375,0,60
920623,94.15625,94.15625,94.15625,94.15625,0,60
920624,94.53125,94.53125,94.53125,94.53125,0,60
920625,94.8125,95.03125,94.8125,95.03125,4,64
920626,94.875,94.875,94.875,94.875,0,64
920629,94.875,94.875,94.875,94.875,0,64
920630,94.75,94.75,94.75,94.75,0,64
920701,95,95,94.96875,94.96875,3,67
920702,96.03125,96.34375,96.03125,96.34375,3,70
920706,96.34375,96.59375,96.21875,96.21875,56,66
920707,96.25,96.25,96.25,96.25,0,66
920708,96.21875,96.21875,96.21875,96.21875,0,66
920709,96.34375,96.34375,96.34375,96.34375,0,66
920710,96.03125,96.03125,96.03125,96.03125,0,66
920713,95.6875,95.6875,95.6875,95.6875,0,66
920714,95.59375,95.59375,95.59375,95.59375,12,73
920715,96.09375,96.09375,96.09375,96.09375,0,73
920716,96.40625,96.40625,96.40625,96.40625,0,73
920717,95.75,95.75,95.75,95.75,0,73
920720,96.03125,96.03125,96.03125,96.03125,0,73
920721,96.0625,96.0625,96.0625,96.0625,0,73
920722,96.59375,96.59375,96.59375,96.59375,0,73
920723,97.53125,97.53125,97.53125,97.53125,0,73
920724,97.25,97.25,97.25,97.25,0,73
920727,97.71875,97.71875,97.71875,97.71875,0,73
920728,98.90625,98.90625,98.90625,98.90625,0,73
920729,98.9375,98.9375,98.9375,98.9375,0,73
920730,98.65625,98.65625,98.65625,98.65625,0,73
920731,98.625,98.625,98.625,98.625,0,73
920803,98.625,98.625,98.625,98.625,0,73
920804,99,99,99,99,0,73
920805,99.0625,99.0625,99.0625,99.0625,0,73
920806,98.84375,98.84375,98.84375,98.84375,0,73
920807,99.40625,99.40625,99.40625,99.40625,0,73
920810,99.6875,99.6875,99.6875,99.6875,0,73
920811,100.125,100.125,100.125,100.125,0,73
920812,100.125,100.125,100.125,100.125,0,73
920813,98.96875,98.96875,98.96875,98.96875,0,73
920814,99.34375,99.34375,99.34375,99.34375,0,73
920817,98.8125,98.8125,98.8125,98.8125,0,73
920818,99.34375,99.34375,99.34375,99.34375,0,73
920819,99.40625,99.40625,99.40625,99.40625,0,73
920820,99.65625,99.65625,99.65625,99.65625,0,73
920821,99.25,99.25,99.25,99.25,0,73
920824,98.4375,98.4375,98.4375,98.4375,0,73
920825,98.5625,98.5625,98.09375,98.09375,30,63
920826,98.3125,98.4375,98.3125,98.4375,32,63
920827,98.5625,98.5625,98.5625,98.5625,0,63
920828,98.59375,98.59375,98.59375,98.59375,0,63
920831,98.59375,98.59375,98.59375,98.59375,0,63
920901,99.15625,99.15625,99.15625,99.15625,0,63
920902,99.28125,99.28125,99.28125,99.28125,7,56
920903,99.375,99.375,99.375,99.375,0,56
920904,100.34375,100.34375,100.34375,100.34375,0,56
920908,101.1875,101.1875,101.1875,101.1875,0,56
920909,100.84375,100.84375,100.84375,100.84375,0,56
920910,101.03125,101.03125,101.03125,101.03125,0,56
920911,100.28125,100.28125,100.28125,100.28125,0,56
920914,100.5,100.5,100.5,100.5,0,56
920915,99.71875,99.78125,99.65625,99.78125,10,66
920916,99.5625,99.5625,99.5625,99.5625,0,66
920917,99.625,99.625,99.625,99.625,0,66
920918,99.96875,99.96875,99.96875,99.96875,0,66
920921,99.46875,99.46875,99.46875,99.46875,0,66
920922,98.5,98.5,98.5,98.5,0,66
920923,98.375,98.375,98,98,1,66
920924,98.6875,98.6875,98.6875,98.6875,0,66
920925,99.5,99.5,99.5,99.5,0,66
920928,99.59375,99.59375,99.59375,99.59375,0,66
920929,99.3125,99.3125,99.1875,99.1875,2,68
920930,99.0625,99.09375,99.0625,99.0625,3,71
921001,99.25,99.84375,99.21875,99.84375,34,66
921002,99.46875,99.53125,99.46875,99.53125,1,66
921005,99.34375,99.34375,99.34375,99.34375,0,66
921006,98.59375,98.59375,98.59375,98.59375,0,66
921007,98.15625,98.15625,97.8125,97.8125,33,66
921008,98.40625,98.40625,97.8125,98.25,30,96
921009,97.8125,97.8125,97.8125,97.8125,0,96
921012,97.9375,97.9375,97.9375,97.9375,0,96
921013,97.78125,97.78125,97.78125,97.78125,0,96
921014,98.34375,98.34375,98.34375,98.34375,0,96
921015,98.34375,98.34375,98.34375,98.34375,0,96
921016,97.65625,98.0625,97.625,98.0625,170,97
921019,97.71875,97.71875,97.71875,97.71875,0,97
921020,97.53125,97.53125,96.84375,96.84375,10,107
921021,96.96875,97,96.875,97,2,105
921022,97,97.4375,97,97.28125,10,110
921023,97.0625,97.09375,96.875,96.9375,407,499
921026,96.71875,96.875,96.5625,96.875,5,499
921027,97.25,97.40625,97.25,97.25,279,418
921028,97.125,97.125,96.96875,96.96875,5,423
921029,97.28125,97.40625,97.25,97.40625,167,469
921030,97,97,96.84375,96.9375,43,494
921102,96.59375,96.71875,96.59375,96.71875,103,576
921103,96.4375,96.96875,96.4375,96.84375,505,1081
921104,96.46875,96.46875,96.46875,96.46875,2,1083
921105,96.65625,96.65625,96.4375,96.4375,1,1084
921106,95.65625,95.65625,95.65625,95.65625,0,1084
921109,95.8125,95.9375,95.8125,95.90625,136,1108
921110,96.59375,96.78125,96.59375,96.78125,49,1152
921111,96.9375,97,96.9375,96.96875,27,1179
921112,96.8125,97.78125,96.8125,97.78125,1462,1387
921113,97.78125,97.875,97.5,97.875,116,1391
921116,97.75,97.96875,97.75,97.96875,157,1548
921117,98.25,98.25,98.03125,98.15625,338,1760
921118,98.0625,98.5,98.0625,98.5,42,1729
921119,98.28125,98.28125,98.125,98.21875,89,1687
921120,98.34375,98.34375,98.1875,98.25,198,1763
921123,98.21875,98.21875,98.21875,98.21875,0,1763
921124,98.25,98.4375,98.25,98.4375,56,1793
921125,98.1875,98.40625,98.1875,98.40625,750,2543
921127,98.46875,98.5,97.71875,97.71875,8,2551
921130,97.53125,97.65625,97.53125,97.65625,15,2566
921201,97.78125,97.96875,97.625,97.90625,75,2607
921202,98.0625,98.0625,97.90625,97.90625,154,2602
921203,97.90625,97.96875,97.90625,97.96875,119,2602
921204,98.34375,98.71875,98.34375,98.71875,6,2606
921207,99,99.53125,99,99.4375,79,2622
921208,99.28125,99.625,99.28125,99.625,127,2722
921209,99.3125,99.65625,99.3125,99.625,22,2711
921210,99.65625,99.84375,99.53125,99.75,426,2731
921211,99.625,99.78125,99.625,99.78125,28,2736
921214,99.65625,99.6875,99.625,99.625,94,2713
921215,99.53125,99.6875,99.53125,99.59375,20,2702
921216,99.71875,99.875,99.65625,99.65625,40,2735
921217,99.59375,99.78125,99.59375,99.78125,26,2704
921218,99.90625,99.90625,99.90625,99.90625,0,2704
921221,100.5,100.5,100.5,100.5,0,2704
921222,100.5,101.03125,100.46875,101,131,2593
921223,100.65625,100.90625,100.65625,100.90625,9,2601
921224,100.75,100.78125,100.75,100.78125,25,2611
921228,100.375,100.375,100.375,100.375,0,2611
921229,100.3125,100.84375,100.3125,100.71875,77,2546
921230,100.40625,100.40625,100.40625,100.40625,0,2546
921231,100.375,100.375,100.0625,100.28125,78,2596
930104,101.0625,101.0625,101.0625,101.0625,0,2596
930105,100.9375,101.09375,100.9375,101.09375,1890,1141
930106,101,101.09375,100.9375,100.9375,7,1136
930107,100.3125,100.40625,99.75,99.75,84,1089
930108,99.375,99.40625,99.21875,99.40625,107,1144
930111,99.53125,99.65625,99.28125,99.28125,225,1203
930112,99.125,99.125,99.125,99.125,0,1203
930113,99.5625,99.5625,99.5625,99.5625,0,1203
930114,99.78125,100.0625,99.625,100,876,1686
930115,100.03125,100.90625,100.03125,100.90625,2410,3278
930118,100.875,100.875,100.84375,100.84375,1,3278
930119,101,101.40625,101,101.40625,27,3279
930120,101.53125,101.65625,101.25,101.25,13,3282
930121,101,101.40625,101,101.40625,218,3422
930122,101.375,101.5625,101.375,101.5,136,3511
930125,101.875,102.5625,101.875,102.5625,225,3630
930126,102.4375,102.71875,102,102.0625,163,3666
930127,102.375,102.375,102.09375,102.125,126,3790
930128,102.34375,102.75,102.15625,102.28125,610,3748
930129,102.15625,102.71875,102.15625,102.46875,59,3291
930201,102.46875,102.6875,102.21875,102.6875,6,3291
930202,102.28125,102.4375,102.15625,102.28125,128,3401
930203,102.28125,102.59375,102.28125,102.59375,22,3396
930204,103.1875,103.1875,103.15625,103.15625,5,3391
930205,103.1875,103.625,102.96875,103.625,237,3371
930208,103.4375,103.59375,103.3125,103.3125,234,3367
930209,103.125,103.4375,103.09375,103.25,8,3247
930210,103.09375,103.125,102.4375,102.4375,2,3248
930211,102.53125,103.25,102.53125,103.15625,18,3259
930212,103.5625,103.5625,102.90625,103.3125,255,3397
930216,103.34375,103.46875,103.125,103.125,16,3398
930217,103.21875,103.59375,103.21875,103.59375,104,3418
930218,104.125,104.5625,103.625,104.5625,370,3272
930219,104.4375,104.71875,104.4375,104.6875,3162,3638
930222,104.65625,105.53125,104.65625,105.5,56,2613
930223,105.6875,106.875,105.6875,106.875,122,2544
930224,106.78125,106.78125,106.21875,106.28125,43,2585
930225,106.3125,106.90625,106.1875,106.1875,51,2567
930226,106.1875,106.28125,106.09375,106.09375,3,2563
930301,107.0625,107.0625,107,107.03125,1,2563
930302,106.625,106.9375,106.625,106.875,133,2565
930303,107.1875,107.875,107.1875,107.71875,63,2545
930304,107.8125,108.84375,107.8125,108.40625,21,2545
930305,107.65625,108.03125,106.90625,108.03125,79,2544
930308,108.6875,108.84375,108.09375,108.25,13,2550
930309,108.09375,108.09375,107.75,107.9375,45,2550
930310,107.4375,107.84375,107.4375,107.53125,383,2644
930311,107.6875,107.71875,107.59375,107.59375,212,2738
930312,106.8125,106.875,106.0625,106.15625,2,2735
930315,105.9375,105.9375,105.21875,105.5625,147,2702
930316,105.8125,106.25,105.71875,106.125,280,2899
930317,106.1875,106.3125,106.1875,106.21875,86,2934
930318,106.875,107.03125,106.71875,107.03125,265,3174
930319,106.71875,106.90625,106.71875,106.90625,1,3175
930322,106.78125,106.9375,106.75,106.9375,6,3175
930323,107.1875,107.4375,107.125,107.4375,304,3440
930324,107.28125,107.46875,107.03125,107.0625,880,3811
930325,106.84375,106.96875,106.75,106.875,349,3852
930326,105.9375,105.9375,105.65625,105.65625,521,4284
930329,105.5,106.28125,105.40625,106.28125,673,4674
930330,106.4375,106.71875,106.15625,106.25,668,4638
930331,106.3125,106.3125,106.15625,106.15625,535,4909
930401,106.125,106.125,105.84375,105.84375,39,4910
930402,105.6875,105.6875,104.65625,104.71875,613,4942
930405,104.8125,105.09375,104.8125,105.09375,57,4941
930406,104.90625,105.875,104.90625,105.875,287,4796
930407,106,106.21875,105.875,106.09375,595,4822
930408,107.0625,107.46875,107.03125,107.46875,1,4821
930412,108.15625,108.625,108.09375,108.15625,296,4535
930413,108.59375,108.59375,107.8125,108.21875,3,4538
930414,108.5,108.65625,108.28125,108.59375,5,4537
930415,108.46875,109.03125,108.4375,108.96875,517,4050
930416,109.15625,109.15625,108.5,108.5,23,4071
930419,108.78125,108.78125,108.78125,108.78125,0,4071
930420,108.4375,108.53125,108.34375,108.5,4,4074
930421,108.53125,108.53125,108.5,108.5,12,4069
930422,107.9375,108.625,107.90625,108.625,2027,4041
930423,108.21875,108.34375,108.03125,108.03125,40,4042
930426,107.65625,107.6875,107.65625,107.6875,1,4041
930427,107.21875,107.375,106.84375,106.90625,3,4044
930428,106.875,107.0625,106.75,106.875,8,4049
930429,107,107.21875,106.9375,107.21875,903,3647
930430,106.5,106.5,106.5,106.5,45,3692
930503,107.40625,107.78125,107.40625,107.75,28,3693
930504,107.71875,108.40625,107.71875,108.40625,30,3648
930505,108.40625,108.71875,108.25,108.3125,85,3649
930506,108.53125,108.53125,108.3125,108.46875,150,3568
930507,108.375,108.5625,107.625,107.8125,72,3569
930510,107.8125,108.53125,107.8125,108.53125,8,3577
930511,108.3125,108.46875,108.1875,108.34375,5,3574
930512,107.71875,107.84375,107.65625,107.84375,235,3574
930513,106.78125,107.09375,106.6875,106.84375,1249,3575
930514,106.78125,107.0625,106.5,106.96875,333,3473
930517,106.75,107.03125,106.625,106.78125,1748,4059
930518,106.625,106.71875,106.09375,106.15625,120,4075
930519,106,106.75,105.84375,106.75,147,4073
930520,106.9375,107.03125,106.71875,106.75,1,4074
930521,106.4375,106.53125,106.03125,106.25,30,4067
930524,106,107.0625,106,106.78125,16,4077
930525,106.84375,107.03125,106.59375,106.59375,655,3978
930526,107,107.53125,106.78125,107.4375,408,4015
930527,107.71875,107.71875,107.21875,107.625,517,4026
930528,107.3125,107.75,106.8125,106.875,7,4032
930601,107.25,108.375,107.25,108.375,44,4035
930602,108.4375,108.46875,108.09375,108.375,48,4058
930603,108.28125,108.59375,108.21875,108.59375,11,4060
930604,108,108,107.75,108,57,4115
930607,108.4375,108.53125,108.21875,108.40625,720,4670
930608,108.5,108.5,108,108,146,4749
930609,108,108.78125,108,108.65625,115,4720
930610,108.5,108.625,108.5,108.625,72,4750
930611,108.65625,109.75,108.65625,109.65625,628,4501
930614,109.53125,109.8125,109.46875,109.5625,6,4503
930615,110.03125,110.03125,109.1875,109.375,1240,4718
930616,109.34375,109.4375,109.21875,109.40625,2229,4720
930617,109.6875,109.75,109.59375,109.625,3405,5680
930618,109.5,109.65625,109.4375,109.65625,30,5702
930621,109.78125,110.34375,109.78125,110.125,1597,6296
930622,110.0625,110.3125,110.0625,110.09375,2598,8721
930623,110.03125,110.375,110.03125,110.25,77,8746
930624,110.5,110.8125,110.5,110.65625,4,8748
930625,110.875,111.25,110.53125,111.21875,386,8963
930628,111.3125,111.75,111.3125,111.6875,106,9022
930629,111.71875,111.71875,111.5,111.65625,398,9271
930630,111.59375,111.59375,111.1875,111.59375,250,9435
930701,111.65625,111.8125,111.375,111.53125,739,9840
930702,111.53125,111.875,111.375,111.75,821,10305
930706,112.09375,112.28125,111.3125,111.3125,52,10340
930707,111.1875,111.65625,111.15625,111.34375,57,10368
930708,111.09375,111.78125,111.0625,111.71875,109,10369
930709,112,112.09375,111.625,112.09375,182,10394
930712,112.21875,112.40625,112.1875,112.40625,157,10431
930713,112.46875,112.5,112.1875,112.46875,58,10441
930714,112.46875,113.375,112.46875,113.3125,178,10450
930715,113.3125,113.46875,113.09375,113.28125,82,10466
930716,113.09375,113.90625,113.09375,113.5625,1414,10865
930719,113.6875,113.71875,113.28125,113.625,191,10890
930720,113.15625,113.59375,113.09375,113.46875,11,10896
930721,113.28125,113.3125,112.65625,112.6875,394,10999
930722,112.53125,112.84375,112,112.125,232,10842
930723,112.15625,112.15625,111.375,111.5,1582,10557
930726,111.71875,111.875,111.4375,111.78125,153,10603
930727,111.9375,111.9375,111.53125,111.8125,64,10576
930728,111.3125,112.15625,111.3125,112.0625,31,10556
930729,112.0625,113.34375,112.0625,113.3125,565,10636
930730,113.28125,113.40625,112.90625,113.21875,425,10986
930802,113,113.25,112.90625,113.125,248,11101
930803,113.25,113.6875,113.25,113.5,667,11525
930804,113.375,113.5625,113.1875,113.1875,84,11415
930805,113.1875,113.4375,113.0625,113.0625,944,11465
930806,113.21875,113.21875,112.4375,113.03125,369,11524
930809,113.34375,113.90625,113.28125,113.75,213,11623
930810,113.78125,113.90625,113.625,113.875,243,11657
930811,113.75,114.25,113.71875,114.0625,4339,14756
930812,114.25,114.6875,113.625,113.625,969,14785
930813,113.625,114.09375,113.3125,113.90625,1684,14670
930816,113.8125,114.21875,113.8125,114.09375,469,14906
930817,114.25,114.25,113.84375,113.875,3086,13196
930818,114.0625,114.15625,113.9375,113.96875,7965,8001
930819,114.09375,114.28125,113.75,114.21875,954,8381
930820,114.375,114.9375,113.8125,114.8125,3479,10562
930823,114.90625,115.125,114.8125,114.875,2935,11435
930824,114.78125,115.59375,114.6875,115.5625,1967,11927
930825,115.59375,115.84375,115.34375,115.84375,2964,12124
930826,115.84375,117.125,115.71875,117.09375,1760,12394
930827,117.1875,117.21875,116.3125,116.78125,1047,12181
930830,116.625,117.375,116.5,117.0625,388,12272
930831,117.125,117.4375,116.46875,117.1875,645,12288
930902,117.09375,117.8125,116.875,117.71875,1735,12998
930903,117.78125,118.875,117.78125,118.71875,3251,13931
930907,118.625,119.6875,118.375,119.375,2385,13765
930908,119.09375,119.59375,119.09375,119.28125,1977,13488
930909,119.3125,119.3125,117.84375,117.90625,3086,13635
930910,117.90625,119.03125,117.5,118.9375,4077,14223
930913,119.125,119.4375,119.0625,119.15625,1043,14134
930914,119.0625,119.09375,117.625,117.78125,2946,14453
930915,117.6875,117.6875,116.6875,117.65625,3838,13426
930916,117.875,118.0625,117.1875,117.84375,1663,13563
930917,117.5,118.25,117.15625,117.875,1810,13998
930920,117.875,117.90625,117.1875,117.25,1669,14678
930921,117.0625,117.4375,116.28125,116.28125,1315,14820
930922,116.53125,116.9375,116.25,116.6875,2676,14754
930923,116.8125,117.59375,116.75,116.90625,529,14771
930924,116.71875,117.28125,116.59375,117.15625,779,14753
930927,117.4375,118.5625,117.4375,118.5625,1014,14986
930928,118.6875,119.03125,118.59375,118.8125,2915,15183
930929,118.71875,118.9375,117.84375,117.84375,1247,15019
930930,117.75,117.84375,117.0625,117.3125,2158,15102
931001,117.40625,118.25,116.78125,118.21875,2699,15662
931004,117.9375,118.40625,117.53125,118.21875,610,15449
931005,118.0625,118.4375,117.875,118.03125,555,15723
931006,117.96875,118.21875,117.78125,118.09375,968,16141
931007,118.21875,118.25,118,118.09375,1433,16331
931008,118.0625,119.5625,117.9375,119.4375,4256,17414
931011,119.5,119.5,119.25,119.4375,232,17367
931012,119.46875,120,119.25,119.375,3250,16660
931013,119.34375,119.53125,119.15625,119.1875,942,16608
931014,119.25,120.09375,119.03125,120.03125,4325,17050
931015,120.09375,120.96875,120.0625,120.71875,1250,17113
931018,120.65625,120.875,119.625,119.6875,2009,16858
931019,119.75,120.15625,119.34375,119.84375,3456,17756
931020,120.03125,120.25,119.84375,120,1583,17991
931021,120.03125,120.03125,118.5625,118.625,2237,17971
931022,118.5625,119,117.71875,117.75,1877,18138
931025,117.78125,118.09375,116.84375,117.40625,3410,18428
931026,117.65625,117.8125,117.0625,117.65625,5822,17891
931027,117.75,117.90625,116.875,117.3125,5272,19272
931028,117.21875,117.875,116.5,117.84375,8052,19964
931029,117.96875,118.03125,117.5,117.625,6021,20332
931101,117.5625,117.65625,116.34375,116.4375,4287,21304
931102,116.28125,116.28125,115.0625,115.5,11980,22752
931103,115.53125,115.75,115.0625,115.40625,6282,24432
931104,115.28125,115.59375,114.5625,114.625,8502,26630
931105,114.71875,115.0625,113.9375,114.1875,18134,32663
931108,114.3125,114.90625,114.15625,114.90625,9209,33126
931109,115,116.28125,115,115.65625,9060,34322
931110,115.78125,116.03125,114.96875,115.15625,12343,38158
931111,115.09375,115.1875,114.5625,114.59375,5061,38196
931112,114.625,115.875,114.09375,115.875,10117,40866
931115,115.90625,116.03125,115.375,115.65625,8566,43103
931116,115.78125,116.1875,115.4375,115.9375,7975,43263
931117,116,116.75,115.4375,115.65625,18565,49159
931118,115.6875,115.84375,114.71875,114.875,32551,62010
931119,114.78125,114.78125,113.5,113.6875,29594,66055
931122,113.75,114,113.25,113.34375,28951,73792
931123,113.1875,114.46875,113,114.4375,26733,81142
931124,114.28125,114.6875,114,114.0625,20181,85261
931126,114.4375,114.875,114.34375,114.75,13238,87752
931129,114.875,115.6875,114.71875,114.90625,91470,123064
931130,114.84375,115.03125,113.625,114.21875,393888,169710
931201,114.09375,114.71875,113.96875,114.59375,306063,192885
931202,114.75,114.96875,114.375,114.65625,259434,200198
931203,114.5625,115.25,114.125,114.9375,397650,217945
931206,115.25,116.25,115.25,116.21875,273041,230518
931207,116.28125,116.5625,115.71875,116.15625,363345,230242
931208,116.125,116.25,115.75,116.125,214864,233569
931209,116.1875,116.71875,115.75,116.375,372028,238334
931210,116.3125,116.71875,115.46875,115.53125,390088,247989
931213,115.21875,115.34375,114.75,115.15625,245980,254533
931214,115.1875,115.375,114.34375,114.53125,313423,263074
931215,114.40625,114.875,114.3125,114.40625,259925,264365
931216,114.53125,114.75,114.15625,114.34375,215666,263016
931217,114.375,114.875,114.28125,114.71875,177850,274145
931220,114.84375,114.9375,114.375,114.53125,117054,271429
931221,114.4375,114.53125,113.9375,114.4375,198931,281488
931222,114.5,115.84375,114.5,115.8125,231387,283447
931223,115.84375,116.21875,115.59375,116.125,112656,279702
931227,116.125,116.34375,116,116.09375,61590,281043
931228,116.03125,116.1875,115.5625,116.09375,126365,279576
931229,116.15625,116.3125,115.53125,115.71875,120805,273380
931230,115.78125,115.8125,114.5625,114.59375,172397,275054
931231,114.5,114.78125,114.28125,114.5,60496,275879
940103,114.5,114.5625,113.40625,113.625,321155,290063
940104,113.46875,114.25,113.34375,114.21875,335704,301285
940105,114.4375,114.625,113.5625,113.8125,381712,309637
940106,113.78125,114.8125,113.6875,114.53125,377740,303850
940107,114.5625,116.21875,114,116.09375,506471,309612
940110,116.1875,116.625,115.75,116.34375,331845,307952
940111,116.3125,116.59375,115.9375,116.40625,313512,312473
940112,116.40625,117.4375,116.40625,117.25,468100,325297
940113,117.15625,117.1875,115.90625,115.96875,484666,327027
940114,116,116.1875,115.09375,115.4375,394856,326978
940117,115.5,115.53125,115.25,115.28125,38151,317352
940118,115.21875,116,115.09375,115.96875,254263,321987
940119,116.0625,116.15625,115.59375,115.875,27299,316053
940120,115.875,116.5625,115.5,116.46875,362947,327357
940121,116.46875,116.71875,116.03125,116.21875,306104,322280
940124,116.3125,116.625,115.90625,116.15625,246499,318261
940125,116.125,116.125,115.5,115.6875,343380,328676
940126,115.625,116.03125,115.375,116,311261,331592
940127,116.09375,116.8125,115.90625,116.78125,351332,342104
940128,116.8125,117.875,116.5625,117.4375,451647,350031
940131,117.34375,117.8125,117.125,117.15625,292898,337978
940201,117.125,117.1875,116.125,116.1875,402922,338385
940202,116.0625,116.46875,115.96875,116.4375,294601,341353
940203,116.5,116.5625,115.59375,115.96875,445565,337193
940204,115.90625,117.0625,114.75,114.875,692308,333646
940207,114.875,115.125,114.21875,114.8125,474194,319576
940208,114.6875,114.75,114.25,114.28125,303659,312503
940209,114.125,114.71875,114.03125,114.6875,332991,320317
940210,114.84375,115.25,114.375,114.53125,407655,303980
940211,114.46875,115.125,114.0625,115.09375,444323,317177
940214,115.125,115.25,114.40625,114.53125,310456,307755
940215,114.4375,114.875,114.3125,114.6875,307048,306125
940216,114.65625,114.90625,114.5,114.53125,183316,299092
940217,114.46875,115.46875,113.5,113.53125,731144,316435
940218,113.5,113.84375,112.21875,112.65625,460660,336471
940222,112.53125,113.21875,112.28125,113.09375,409298,313326
940223,113.125,113.28125,112.3125,112.34375,396701,282205
940224,112.375,112.625,111.375,111.4375,610899,269171
940225,111.46875,112.125,111.375,111.625,375549,239349
940228,111.65625,112.5,111.65625,112.40625,95967,195816
940301,112.4375,112.625,110.84375,110.96875,118786,149919
940302,111,111.4375,110.0625,111.15625,61812,125912
940303,111.28125,111.5,110.21875,110.4375,32936,104989
940304,110.46875,111.15625,109.96875,110.75,22144,100621
940307,110.78125,111.5625,110.78125,111.1875,21218,87949
940308,111.09375,111.5625,110.4375,110.5,22703,73889
940309,110.375,110.71875,109.96875,110.625,23498,63559
940310,110.71875,110.8125,109.25,109.375,11274,59559
940311,109.1875,110.0625,108.84375,109.9375,12960,53059
940314,109.96875,110.25,109.375,109.71875,9204,50190
940315,109.46875,110.34375,109.4375,110.03125,21505,39178
940316,110.1875,111,110.0625,110.96875,7436,35854
940317,111.0625,111.28125,110.59375,110.6875,15505,27563
940318,110.59375,110.75,109.59375,109.625,16728,19905
940321,109.46875,109.53125,108.875,109.25,9365,17695
940322,109.1875,109.71875,109,109.34375,14458,13301
