941108,93.15625,93.3125,93.15625,93.3125,1,1
941109,93.75,93.75,93.75,93.75,0,1
941110,93.15625,93.15625,93.15625,93.15625,0,1
941111,92.625,92.625,92.625,92.625,0,1
941114,93.25,93.78125,93.25,93.78125,1,2
941115,94.34375,94.34375,94.34375,94.34375,0,2
941116,93.71875,93.71875,93.71875,93.71875,0,2
941117,93.53125,93.53125,93.53125,93.53125,0,2
941118,93.59375,93.59375,93.59375,93.59375,0,2
941121,93.59375,93.59375,93.59375,93.59375,0,2
941122,93.96875,93.96875,93.96875,93.96875,0,2
941123,95.59375,95.59375,95.59375,95.59375,0,2
941125,95.8125,95.8125,95.8125,95.8125,0,2
941128,95.4375,95.4375,95.4375,95.4375,0,2
941129,94.96875,94.96875,94.96875,94.96875,0,2
941130,95.6875,95.6875,95.6875,95.6875,0,2
941201,95.46875,95.46875,95.46875,95.46875,0,2
941202,96.3125,96.71875,96.3125,96.71875,1,3
941205,97.5625,97.5625,96.96875,97.0625,1,3
941206,98,98.4375,98,98.4375,6,8
941207,97.53125,97.53125,97.5,97.5,3,9
941208,97.1875,97.59375,97.1875,97.59375,6,11
941209,98,98.0625,98,98.0625,2,13
941212,97.625,97.625,97.625,97.625,0,13
941213,98.15625,98.15625,98.15625,98.15625,0,13
941214,97.78125,97.78125,97.78125,97.78125,5,18
941215,97.78125,97.78125,97.78125,97.78125,0,18
941216,97.90625,97.90625,97.90625,97.90625,0,18
941219,98.125,98.125,98.125,98.125,0,18
941220,97.90625,97.90625,97.90625,97.90625,0,18
941221,98.0625,98.0625,98.0625,98.0625,0,18
941222,97.84375,98.09375,97.84375,98.09375,5,23
941223,98.34375,98.34375,98.34375,98.34375,0,23
941227,99.15625,99.15625,99.15625,99.15625,0,23
941228,98.4375,98.4375,98.4375,98.4375,0,23
941229,98.125,98.125,98.125,98.125,0,23
941230,97.78125,97.78125,97.78125,97.78125,0,23
950103,97.34375,97.34375,97.34375,97.34375,0,23
950104,98.1875,98.1875,98.1875,98.1875,0,23
950105,97.53125,97.53125,97.53125,97.53125,0,23
950106,97.9375,97.9375,97.9375,97.9375,0,23
950109,97.59375,97.59375,97.59375,97.59375,0,23
950110,97.8125,97.8125,97.8125,97.8125,0,23
950111,97.96875,97.96875,97.96875,97.96875,0,23
950112,97.46875,97.46875,97.46875,97.46875,0,23
950113,98.375,98.375,98.375,98.375,0,23
950117,98.5,98.5,98.5,98.5,0,23
950118,98.5625,98.5625,98.5625,98.5625,0,23
950119,98.1875,98.1875,98.1875,98.1875,0,23
950120,97.4375,97.4375,97.4375,97.4375,0,23
950123,97.375,97.375,97.375,97.375,0,23
950124,97.21875,97.21875,97.21875,97.21875,0,23
950125,97.8125,97.8125,97.8125,97.8125,0,23
950126,98.1875,98.1875,98.1875,98.1875,0,23
950127,99.40625,99.40625,99.40625,99.40625,0,23
950130,99.125,99.125,99.125,99.125,0,23
950131,99.53125,99.53125,99.53125,99.53125,0,23
950201,99.25,99.25,99.25,99.25,0,23
950202,99.125,99.125,99.125,99.125,0,23
950203,100.40625,100.5,100.40625,100.5,1,23
950206,100.21875,100.21875,100.21875,100.21875,0,23
950207,100.09375,100.09375,100.09375,100.09375,0,23
950208,100.09375,100.09375,100.09375,100.09375,0,23
950209,99.65625,99.65625,99.65625,99.65625,0,23
950210,99.40625,99.40625,99.40625,99.40625,0,23
950213,99.46875,99.46875,99.46875,99.46875,0,23
950214,100.125,100.125,100.125,100.125,0,23
950215,100.5,100.5,100.5,100.5,0,23
950216,100.5,100.5,100.5,100.5,0,23
950217,100.375,100.375,100.375,100.375,0,23
950221,100.09375,100.09375,100.09375,100.09375,0,23
950222,101,101,101,101,0,23
950223,100.40625,100.40625,100.40625,100.40625,0,23
950224,100.65625,100.65625,100.65625,100.65625,0,23
950227,101.1875,101.1875,101.1875,101.1875,0,23
950228,101.5625,101.5625,101.5625,101.5625,0,23
950301,101.46875,101.46875,101.46875,101.46875,0,23
950302,100.875,100.875,100.875,100.875,0,23
950303,100.3125,100.3125,100.3125,100.3125,0,23
950306,100,100,100,100,0,23
950307,99.53125,99.53125,99.53125,99.53125,0,23
950308,100.25,100.25,100.25,100.25,0,23
950309,100.6875,100.6875,100.6875,100.6875,0,23
950310,101.40625,101.40625,101.40625,101.40625,0,23
950313,101.4375,101.4375,101.4375,101.4375,0,23
950314,102.6875,102.6875,102.6875,102.6875,0,23
950315,102.65625,102.65625,102.65625,102.65625,0,23
950316,102.78125,102.78125,102.78125,102.78125,0,23
950317,102.4375,102.4375,102.4375,102.4375,0,23
950320,102.03125,102.03125,102.03125,102.03125,0,23
950321,101.5625,101.5625,101.5625,101.5625,0,23
950322,101.40625,101.40625,101.40625,101.40625,0,23
950323,101.28125,101.28125,101.28125,101.28125,0,23
950324,102.34375,102.34375,102.34375,102.34375,0,23
950327,102.90625,102.90625,102.90625,102.90625,0,23
950328,102.0625,102.0625,102.0625,102.0625,0,23
950329,102.34375,102.34375,102.34375,102.34375,0,23
950330,101.90625,101.90625,101.90625,101.90625,0,23
950331,102,102,102,102,0,23
950403,102.65625,102.65625,102.65625,102.65625,0,23
950404,102.625,102.75,102.625,102.625,1,24
950405,102.625,102.625,102.625,102.625,0,24
950406,102.875,102.875,102.875,102.875,0,24
950407,102.46875,102.46875,102.46875,102.46875,0,24
950410,102.1875,102.5,102.1875,102.5,5,29
950411,102.65625,102.65625,102.65625,102.65625,0,29
950412,102.8125,102.8125,102.8125,102.8125,0,29
950413,103.125,103.125,103.125,103.125,2,30
950417,102.4375,102.4375,102.4375,102.4375,0,30
950418,102.375,102.375,102.375,102.375,0,30
950419,102.71875,102.71875,102.71875,102.71875,0,30
950420,102.96875,102.96875,102.96875,102.96875,0,30
950421,103.15625,103.15625,103.15625,103.15625,0,30
950424,103.46875,103.46875,103.46875,103.46875,0,30
950425,103.3125,103.3125,103.3125,103.3125,0,30
950426,103.40625,103.40625,103.40625,103.40625,0,30
950427,103.21875,103.21875,103.21875,103.21875,0,30
950428,103.3125,103.3125,103.3125,103.3125,0,30
950501,103.15625,103.15625,103.15625,103.15625,0,30
950502,103.40625,103.40625,103.40625,103.40625,0,30
950503,104.25,104.25,104.25,104.25,0,30
950504,105.34375,105.34375,105.34375,105.34375,0,30
950505,106.34375,106.78125,106.34375,106.78125,1,29
950508,106.4375,106.71875,106.4375,106.71875,2,31
950509,107.5,107.5,107.5,107.5,0,29
950510,107,107,107,107,0,29
950511,107.03125,107.03125,107.03125,107.03125,0,29
950512,107,107,107,107,0,29
950515,107.53125,107.53125,107.53125,107.53125,0,29
950516,108.46875,108.46875,108.46875,108.46875,0,29
950517,108.53125,108.53125,108.53125,108.53125,0,29
950518,107.96875,107.96875,107.96875,107.96875,0,29
950519,108.03125,108.03125,108.03125,108.03125,0,29
950522,107.90625,107.90625,107.90625,107.90625,0,29
950523,108.4375,108.4375,108.4375,108.4375,0,29
950524,109.6875,109.6875,109.6875,109.6875,0,29
950525,109.96875,109.96875,109.96875,109.96875,0,29
950526,109.84375,109.84375,109.84375,109.84375,0,29
950530,110.65625,110.65625,110.65625,110.65625,0,29
950531,110.78125,110.78125,110.78125,110.78125,0,29
950601,111.53125,111.53125,111.53125,111.53125,200,229
950602,112.40625,112.40625,112.40625,112.40625,0,29
950605,112.53125,112.53125,112.53125,112.53125,0,29
950606,112.59375,112.59375,112.59375,112.59375,0,29
950607,112.5625,112.5625,112.5625,112.5625,0,29
950608,112.34375,112.34375,112.15625,112.15625,2,31
950609,110.5,110.5,110.5,110.5,0,31
950612,110.9375,110.9375,110.28125,110.5625,4,29
950613,112.34375,112.34375,112.34375,112.34375,0,50
950614,112.1875,112.1875,112.1875,112.1875,0,29
950615,111.78125,111.78125,111.78125,111.78125,0,29
950616,111.625,111.625,111.625,111.625,0,29
950619,112.46875,112.46875,112.46875,112.46875,0,29
950620,112.3125,112.3125,112.3125,112.3125,0,29
950621,112.59375,112.59375,112.59375,112.59375,0,29
950622,113.59375,113.8125,113.59375,113.8125,4,32
950623,113.1875,113.1875,113.1875,113.1875,0,32
950626,112.875,112.875,112.6875,112.6875,1,32
950627,112.46875,112.46875,112.46875,112.46875,0,32
950628,113,113,113,113,0,32
950629,111.25,111.25,111.25,111.25,0,32
950630,111.71875,111.71875,111.71875,111.71875,0,32
950703,111.75,111.75,111.75,111.75,0,32
950705,111.90625,112.03125,111.78125,112.03125,3,29
950706,113.53125,113.53125,113.53125,113.53125,30,61
950707,113.375,113.375,113.375,113.375,0,31
950710,113.53125,113.53125,113.53125,113.53125,0,31
950711,112.6875,112.6875,112.6875,112.6875,0,31
950712,113,113,113,113,0,31
950713,112.9375,112.9375,112.9375,112.9375,0,31
950714,112.3125,112.3125,112.3125,112.3125,0,31
950717,111.40625,111.40625,111.40625,111.40625,1,31
950718,110.71875,110.71875,110.71875,110.71875,0,31
950719,108.875,108.875,108.875,108.875,0,31
950720,109.21875,109.21875,109.21875,109.21875,0,31
950721,108.0625,108.0625,108.0625,108.0625,0,31
950724,109,109,109,109,0,31
950725,109.53125,109.53125,109.53125,109.53125,30,61
950726,108.90625,108.90625,108.90625,108.90625,0,61
950727,109.53125,109.53125,109.53125,109.53125,0,31
950728,108.78125,108.78125,108.78125,108.78125,0,31
950731,109.3125,109.3125,109.3125,109.3125,0,31
950801,108.5625,108.5625,108.5625,108.5625,0,31
950802,109.28125,109.28125,109.28125,109.28125,0,31
950803,108.5625,108.5625,108.5625,108.5625,0,31
950804,108.84375,108.84375,108.84375,108.84375,0,31
950807,109.0625,109.0625,109.0625,109.0625,0,31
950808,109.125,109.125,109.125,109.125,0,31
950809,108.8125,108.8125,108.8125,108.8125,0,31
950810,108.21875,108.21875,108.21875,108.21875,0,31
950811,107.28125,107.28125,107.28125,107.28125,0,31
950814,107.5,107.5,107.5,107.5,0,31
950815,107.5,108.0625,107.3125,108.0625,3,31
950816,108.40625,108.40625,108.40625,108.40625,0,31
950817,108.25,108.25,108.25,108.25,0,31
950818,108.25,108.25,108.25,108.25,0,31
950821,108.6875,108.6875,108.6875,108.6875,0,31
950822,108.375,108.375,108.375,108.375,0,31
950823,108.0625,108.0625,108.0625,108.0625,0,31
950824,109.0625,109.0625,109.0625,109.0625,0,31
950825,109.21875,110.65625,109.21875,110.65625,2,31
950828,110.75,110.75,110.75,110.75,0,31
950829,110.53125,110.53125,110.53125,110.53125,0,31
950830,110.78125,110.78125,110.78125,110.78125,0,31
950831,111.375,111.375,111.375,111.375,0,31
950901,111.8125,111.8125,111.8125,111.8125,0,31
950905,112.15625,112.46875,112.15625,112.46875,1,32
950906,112.375,112.375,112.375,112.375,0,32
950907,112,112,112,112,0,32
950908,111.90625,111.90625,111.90625,111.90625,0,32
950911,111.90625,111.90625,111.90625,111.90625,0,32
950912,112.4375,112.8125,112.4375,112.8125,3,31
950913,112.4375,112.4375,112.4375,112.4375,0,32
950914,113.15625,113.40625,113.15625,113.40625,1,31
950915,113.0625,113.1875,113.0625,113.1875,2,31
950918,112.375,112.375,112.375,112.375,0,31
950919,112.84375,112.84375,112.84375,112.84375,0,31
950920,113.375,113.375,113.375,113.375,0,31
950921,112.03125,112.03125,112.03125,112.03125,0,31
950922,111.78125,111.78125,111.78125,111.78125,20,51
950925,111.71875,111.71875,111.71875,111.71875,0,51
950926,111.65625,111.65625,111.65625,111.65625,0,51
950927,111.625,111.625,111.625,111.625,11,59
950928,111.6875,111.6875,111.6875,111.6875,0,33
950929,113.09375,113.09375,113.09375,113.09375,0,31
951002,113.0625,113.0625,113.0625,113.0625,0,31
951003,113.53125,113.53125,113.53125,113.53125,0,31
951004,114.03125,114.03125,114.03125,114.03125,0,31
951005,114.125,114.15625,114.125,114.15625,0,30
951006,114.40625,114.40625,114.40625,114.40625,0,30
951010,114.625,114.625,114.4375,114.4375,1,31
951011,114.40625,114.40625,114.40625,114.40625,0,31
951012,114.875,114.875,114.875,114.875,0,31
951013,116.21875,116.21875,116.21875,116.21875,0,31
951016,116,116,115.75,115.875,1,31
951017,116.15625,116.15625,116.15625,116.15625,0,44
951018,115.84375,115.84375,115.84375,115.84375,0,31
951019,116.125,116.125,116.125,116.125,0,31
951020,115.53125,115.53125,115.53125,115.53125,0,31
951023,115.34375,115.34375,115.28125,115.28125,1,31
951024,116.0625,116.0625,116.0625,116.0625,0,31
951025,116.03125,116.03125,116.03125,116.03125,0,33
951026,115.09375,115.09375,115.09375,115.09375,0,35
951027,115.625,115.625,115.625,115.625,0,31
951030,115.625,115.625,115.625,115.625,0,31
951031,115.84375,115.84375,115.84375,115.84375,24,54
951101,116.375,116.375,116.28125,116.28125,150,169
951102,116.46875,116.84375,116.46875,116.84375,56,192
951103,116.875,116.875,116.59375,116.59375,426,396
951106,116.40625,116.4375,116.40625,116.4375,265,446
951107,116.21875,116.21875,116.09375,116.09375,265,581
951108,116.875,116.875,116.875,116.875,5,581
951109,116.1875,116.4375,116.1875,116.3125,30,581
951110,115.6875,115.78125,115.6875,115.78125,2,579
951113,115.3125,116.40625,115.3125,116.40625,21,579
951114,116.125,116.125,116.125,116.125,0,579
951115,115.90625,115.90625,115.90625,115.90625,1,579
951116,116.9375,116.9375,116.53125,116.53125,138,579
951117,116.59375,116.90625,116.59375,116.71875,152,702
951120,116.53125,116.53125,116.46875,116.46875,156,836
951121,116.40625,116.40625,116.0625,116.0625,356,929
951122,115.96875,116.125,115.96875,116.125,476,1130
951124,116.59375,116.59375,116.59375,116.59375,1,1131
951127,116.65625,116.9375,116.65625,116.9375,112,1143
951128,116.875,116.875,116.84375,116.84375,45,1183
951129,116.90625,117.28125,116.90625,117.28125,17,1194
951130,118.25,118.25,118.1875,118.1875,297,1241
951201,118.28125,118.71875,118.28125,118.71875,212,1266
951204,119.25,119.8125,119.25,119.78125,240,1336
951205,119.5,119.5,119.40625,119.40625,383,1540
951206,119.78125,120.34375,119.34375,119.5,161,1640
951207,119.3125,119.65625,119.0625,119.0625,244,1801
951208,118.96875,119.21875,118.96875,119.21875,574,1976
951211,119.40625,119.40625,119.40625,119.40625,0,1976
951212,119.25,119.25,119.25,119.25,0,1976
951213,119.15625,119.15625,119.09375,119.09375,889,2354
951214,119.15625,119.15625,119.0625,119.0625,875,2595
951215,118.9375,118.9375,118.9375,118.9375,34,2278
951218,118.25,118.3125,117.46875,117.46875,1991,3601
951219,117.46875,118.40625,116.84375,118.40625,668,3619
951220,118.59375,118.90625,118.375,118.375,1222,4653
951221,118.34375,118.46875,118.34375,118.46875,1,4602
951222,119,119.40625,118.9375,119.15625,1166,5464
951226,119.4375,119.4375,118.625,119.40625,1,5465
951227,120,120,119.8125,119.8125,20,5474
951228,120,120.21875,120,120.21875,1346,5871
951229,120.4375,120.625,120.4375,120.5625,114,5974
960102,120.46875,120.65625,120.0625,120.4375,85,5978
960103,120.53125,120.65625,120.53125,120.65625,1096,5607
960104,120.84375,120.875,119.75,119.75,77,5540
960105,119.34375,119.53125,118.84375,119.375,50,5485
960108,119.4375,119.4375,119.4375,119.4375,56,5500
960109,119.4375,119.4375,119.0625,119.21875,1060,5572
960110,118.5625,118.5625,117.875,117.875,256,5594
960111,118.0625,118.0625,118.0625,118.0625,93,5485
960112,118.375,118.53125,118.0625,118.0625,122,5579
960116,118.71875,119.09375,118.65625,119.09375,507,5700
960117,119.375,120.1875,119.375,120.1875,223,5635
960118,120.1875,120.625,120.1875,120.375,48,5648
960119,120.34375,120.59375,119.8125,120.53125,218,5588
960122,120.4375,120.4375,119.59375,119.59375,92,5629
960123,119.5,119.59375,119,119.125,1687,5662
960124,119.34375,119.9375,119.34375,119.9375,517,6117
960125,119.9375,119.9375,118.625,118.625,280,6085
960126,118,119.5625,118,119.5625,111,6033
960129,119.28125,119.625,118.71875,118.9375,275,6038
960130,119.15625,119.8125,119.15625,119.71875,512,6249
960131,119.625,120.0625,119.4375,119.9375,263,6243
960201,119.5625,119.78125,119.40625,119.40625,214,6112
960202,119.25,119.6875,118.46875,118.46875,535,6109
960205,118.125,118.46875,117.75,118.46875,46,5902
960206,118.8125,118.8125,118.6875,118.6875,110,5963
960207,119,119,118.59375,118.59375,130,6062
960208,118.375,118.65625,118.34375,118.625,29,5985
960209,118.15625,119.34375,118.0625,118.625,844,6467
960212,118.625,119.5,118.46875,119.5,865,6523
960213,119.4375,119.84375,119.4375,119.625,11,6518
960214,119.28125,119.5,119.15625,119.15625,198,6596
960215,118.875,118.875,118.125,118.125,29,6616
960216,118.15625,118.15625,117.15625,117.1875,1294,7447
960220,116.5,116.5,115.03125,115.09375,4092,8813
960221,114.9375,115.8125,114.59375,115.09375,862,8915
960222,115.4375,115.65625,115.40625,115.5,375,9066
960223,115.9375,116.15625,114.40625,114.46875,5817,11972
960226,114.5,114.5,113.53125,114.21875,1622,12009
960227,114.4375,114.4375,113.875,113.96875,4895,13176
960228,113.90625,114.5625,113.625,113.6875,2995,13447
960229,113.8125,113.90625,112.9375,113.75,2071,14308
960301,113.78125,115.0625,113.78125,114.9375,468,14359
960304,115.15625,115.625,114.9375,115.5,137,14423
960305,115.25,115.25,114.65625,114.875,599,14288
960306,114.46875,114.6875,114.125,114.25,366,14293
960307,114.09375,114.125,113.75,114.03125,128,14326
960308,113.875,113.96875,111.03125,111.03125,5082,15764
960311,110.375,111.9375,109.6875,111.78125,2036,16269
960312,111.71875,111.71875,110.34375,111.3125,785,16276
960313,111.28125,111.75,110.84375,111.03125,2625,15628
960314,110.84375,111.4375,110.8125,110.96875,632,15737
960315,110.8125,110.8125,109.8125,110.0625,1214,16075
960318,110.09375,110.71875,110.09375,110.59375,939,16133
960319,110.8125,111.125,110.5,110.625,5390,17092
960320,110.46875,111.46875,110.15625,111.375,1156,16469
960321,111.5,111.875,111.15625,111.625,596,16725
960322,111.625,111.78125,111.25,111.34375,1353,16799
960325,111.4375,112.4375,111.4375,112.28125,1765,16747
960326,112.1875,112.25,111.625,112.1875,542,16952
960327,112.28125,112.5,110.75,110.8125,882,16911
960328,110.8125,110.84375,109.9375,110.21875,1481,17004
960329,110.3125,111.03125,110.3125,110.96875,7429,20374
960401,111.0625,111.34375,110.90625,111.28125,609,20536
960402,111.5,111.84375,111.4375,111.8125,1337,20761
960403,112,112,111.21875,111.59375,472,20662
960404,111.59375,111.59375,111.0625,111.125,24719,21706
960405,111.125,111.125,108.84375,108.90625,2294,22299
960408,108.8125,108.8125,107.8125,108.4375,1887,22270
960409,108.53125,109.0625,108.40625,108.9375,1177,22506
960410,109,109,108.0625,108.125,1593,22927
960411,107.65625,108.3125,107.3125,107.65625,8285,24872
960412,107.78125,109.53125,107.71875,109.375,6415,26499
960415,109.46875,109.78125,109.1875,109.75,2616,26595
960416,109.71875,109.96875,109.25,109.78125,4589,26616
960417,109.59375,109.59375,109.09375,109.3125,416,26630
960418,109.1875,109.71875,108.625,108.90625,1237,26476
960419,108.9375,109.5,108.90625,109.40625,695,26758
960422,109.4375,110.375,109.4375,109.96875,4341,26095
960423,109.84375,109.84375,109.40625,109.71875,1033,26018
960424,109.625,109.90625,109.21875,109.21875,1366,26064
960425,109.21875,109.4375,108.78125,109.4375,1982,25886
960426,109.46875,109.96875,109.46875,109.75,656,25946
960429,109.65625,109.65625,108.96875,109.3125,2537,26065
960430,109.125,109.21875,108.3125,108.625,6814,27108
960501,108.28125,108.90625,108.0625,108.59375,7141,28661
960502,108.5,108.6875,106.75,106.875,9052,31754
960503,106.875,107.6875,106.15625,106.1875,4685,33021
960506,106.21875,106.71875,106.21875,106.59375,4410,32765
960507,106.78125,106.8125,106.1875,106.375,7286,35509
960508,106.34375,107.40625,106.0625,107.375,6531,37615
960509,107.875,107.875,106.96875,107.03125,11111,44063
960510,106.9375,108.46875,106.875,108.125,10644,45261
960513,108.09375,108.40625,107.96875,108.34375,2934,46140
960514,108.4375,109.21875,108.3125,108.9375,7569,45965
960515,108.90625,109.3125,108.875,109.03125,5322,46247
960516,108.96875,108.96875,108.25,108.375,12056,49907
960517,108.15625,109.21875,108.09375,109.03125,7364,52663
960520,109.09375,109.5625,109.09375,109.21875,18457,62132
960521,109.1875,109.5,108.96875,109,39260,76143
960522,109,109.625,108.65625,109.59375,53459,96862
960523,109.59375,109.84375,108.8125,108.875,31417,106318
960524,108.875,109.59375,108.875,109.46875,13604,107122
960528,109.5,109.8125,109.28125,109.3125,31371,122435
960529,109.3125,109.40625,108.25,108.28125,107298,168480
960530,108.34375,108.625,107.65625,108.5,108064,208060
960531,108.375,108.5,107.28125,107.53125,429661,245220
960603,107.625,107.84375,107.1875,107.40625,291648,266008
960604,107.34375,107.90625,107.34375,107.53125,227582,284396
960605,107.53125,108.21875,107.3125,108.15625,244537,296484
960606,108.15625,109.25,108,108.8125,386301,304597
960607,108.84375,109.0625,106.0625,107,501057,331155
960610,107.125,107.21875,106.40625,106.5625,256078,326952
960611,106.46875,106.90625,106.0625,106.28125,446639,355855
960612,106.375,106.5,105.8125,105.875,362505,361626
960613,105.8125,106.3125,105.5,106.21875,467712,378729
960614,106.40625,107.09375,105.875,106.8125,399702,384785
960617,106.75,107.5,106.65625,107.34375,228288,401097
960618,107.28125,107.625,106.84375,107.03125,328321,405851
960619,107,107.34375,106.65625,106.78125,349496,419162
960620,106.84375,106.9375,106.46875,106.8125,258277,418850
960621,106.8125,107.3125,106.8125,107,188228,420253
960624,107,107.28125,106.90625,107.15625,99551,421865
960625,107.15625,107.75,107.09375,107.59375,278982,436302
960626,107.625,107.9375,107.21875,107.71875,277211,432062
960627,107.75,108.46875,107.53125,108.40625,215245,431162
960628,108.375,109.75,108.21875,109.53125,422720,436701
960701,109.53125,109.625,109,109.5625,216729,438930
960702,109.5625,109.625,108.90625,109.0625,259669,444809
960703,109.03125,109.46875,108.84375,109.25,184228,439344
960705,109.28125,109.375,106.3125,106.40625,403018,453918
960708,106.25,106.75,105.875,106.4375,280635,454715
960709,106.4375,107.125,106.40625,106.9375,265023,451376
960710,106.9375,107.5625,106.875,107.46875,314192,446160
960711,107.5625,108.25,106.90625,107.75,422347,440928
960712,107.78125,108.78125,107.46875,108.34375,379289,440644
960715,108.1875,108.34375,107.6875,107.8125,204754,431155
960716,107.78125,108.78125,107.3125,108.5,467643,440295
960717,108.4375,108.6875,108.1875,108.375,215365,438783
960718,108.34375,109.75,108.09375,109.71875,403247,452211
960719,109.59375,109.625,109,109.0625,210594,436783
960722,109,109.3125,108.53125,108.5625,214352,435732
960723,108.53125,109.15625,108.4375,109.09375,206578,436675
960724,109.09375,109.65625,108.0625,108.1875,421469,434937
960725,108.3125,108.9375,108.125,108.4375,344933,434017
960726,108.40625,108.8125,108.21875,108.5625,162041,430438
960729,108.46875,108.53125,107.75,107.8125,196437,430399
960730,107.84375,108.65625,107.6875,108.4375,334015,439620
960731,108.40625,109.28125,108.21875,109.125,274296,437402
960801,109.125,111,108.875,110.6875,493629,443086
960802,110.59375,112.15625,110.53125,111.84375,451288,436676
960805,111.75,111.875,111.59375,111.75,136482,434633
960806,111.6875,111.84375,111.4375,111.59375,175749,435680
960807,111.5625,112.09375,111.25,111.4375,277272,437280
960808,111.5,111.75,111.125,111.28125,306962,450368
960809,111.3125,112.25,111.3125,112.0625,295499,455895
960812,112.15625,112.28125,111.78125,112.0625,168899,448183
960813,112.0625,112.5,110.875,110.90625,318006,439182
960814,110.9375,111.1875,110.6875,111.03125,280224,441392
960815,111.125,111.21875,110.53125,110.6875,276882,438470
960816,110.6875,111.3125,110.6875,111.28125,202401,438800
960819,111.28125,111.40625,110.75,110.90625,151502,429388
960820,110.90625,111.15625,110.71875,110.875,205041,411531
960821,110.90625,111.03125,110.4375,110.625,215413,408359
960822,110.625,110.875,110.28125,110.5625,273212,392633
960823,110.53125,110.6875,109.28125,109.53125,393272,357315
960826,109.4375,109.4375,108.59375,108.625,270317,317822
960827,108.65625,109.125,108.59375,108.9375,248928,291992
960828,108.96875,109.3125,108.625,108.78125,187677,270214
960829,108.8125,109.0625,108.03125,108.125,382362,207430
960830,108.15625,108.28125,106.96875,107.3125,77568,178195
960903,107.1875,107.96875,106.5625,107.90625,33642,155980
960904,107.90625,108.21875,107.25,107.5,21633,144416
960905,107.5625,107.5625,106.8125,106.9375,31675,131856
960906,106.84375,107.75,106,107.28125,24288,122436
960909,107.34375,107.78125,107.21875,107.75,38364,102811
960910,107.75,107.90625,107.09375,107.1875,45715,71887
960911,107.3125,107.53125,106.90625,107.34375,14016,65687
960912,107.09375,108.03125,107.09375,107.78125,17786,55004
960913,107.875,109.53125,107.625,109.25,22468,46732
960916,109.40625,109.40625,109.125,109.34375,17042,31906
960917,109.28125,109.375,108.5625,108.625,17098,22872
960918,108.5,108.65625,108.3125,108.53125,11378,16480
960919,108.5,108.8125,107.96875,108.0625,0,0
