951024,113.96875,113.96875,113.96875,113.96875,1,1
951025,113.9375,113.9375,113.9375,113.9375,0,1
951026,113,113,113,113,0,1
951027,113.53125,113.53125,113.53125,113.53125,0,1
951030,113.625,113.625,113.625,113.625,0,1
951031,113.84375,113.84375,113.84375,113.84375,0,1
951101,114.25,114.25,114.25,114.25,0,1
951102,114.75,114.75,114.75,114.75,0,1
951103,114.5,114.5,114.5,114.5,0,1
951106,114.28125,114.28125,114.28125,114.28125,0,1
951107,113.9375,113.9375,113.9375,113.9375,0,1
951108,114.625,114.625,114.625,114.625,0,1
951109,114.0625,114.0625,114.0625,114.0625,0,1
951110,113.53125,113.53125,113.53125,113.53125,0,1
951113,114.15625,114.15625,114.15625,114.15625,0,1
951114,113.875,113.875,113.875,113.875,0,1
951115,113.65625,113.65625,113.65625,113.65625,0,1
951116,114.28125,114.28125,114.28125,114.28125,0,1
951117,114.46875,114.46875,114.46875,114.46875,0,1
951120,114.0625,114.0625,114.0625,114.0625,0,1
951121,114.15625,114.15625,113.65625,113.65625,1,2
951122,113.71875,113.71875,113.71875,113.71875,0,2
951124,114.1875,114.1875,114.1875,114.1875,0,2
951127,114.5,114.5,114.5,114.5,0,2
951128,114.40625,114.40625,114.40625,114.40625,0,2
951129,114.75,114.75,114.75,114.75,0,2
951130,115.65625,115.65625,115.65625,115.65625,0,2
951201,115.96875,115.96875,115.96875,115.96875,0,2
951204,116.8125,116.8125,116.8125,116.8125,0,2
951205,116.4375,116.4375,116.4375,116.4375,0,2
951206,116.34375,116.34375,116.34375,116.34375,0,2
951207,115.90625,115.90625,115.90625,115.90625,0,2
951208,116.09375,116.09375,116.09375,116.09375,0,2
951211,116.28125,116.28125,116.28125,116.28125,0,2
951212,116.125,116.125,116.125,116.125,0,2
951213,116,116,116,116,0,2
951214,115.96875,115.96875,115.96875,115.96875,0,2
951215,115.84375,115.84375,115.84375,115.84375,0,2
951218,114.46875,114.46875,114.46875,114.46875,0,2
951219,115.34375,115.34375,115.34375,115.34375,0,2
951220,115.3125,115.3125,115.3125,115.3125,0,2
951221,115.40625,115.40625,115.40625,115.40625,0,2
951222,116.09375,116.09375,116.09375,116.09375,0,2
951226,116.34375,116.34375,116.34375,116.34375,0,2
951227,116.71875,116.71875,116.71875,116.71875,0,2
951228,117.125,117.125,117.125,117.125,0,2
951229,117.5,117.5,117.5,117.5,0,2
960102,117.34375,117.34375,117.34375,117.34375,0,2
960103,117.5625,117.5625,117.5625,117.5625,0,2
960104,116.65625,116.65625,116.65625,116.65625,0,2
960105,116.25,116.25,116.25,116.25,0,2
960108,116.3125,116.3125,116.3125,116.3125,0,2
960109,116.125,116.125,116.125,116.125,0,2
960110,114.78125,114.78125,114.78125,114.78125,0,2
960111,114.96875,114.96875,114.96875,114.96875,0,2
960112,114.96875,114.96875,114.96875,114.96875,0,2
960116,115.96875,115.96875,115.96875,115.96875,0,2
960117,116.96875,116.96875,116.96875,116.96875,0,2
960118,117.09375,117.09375,117.09375,117.09375,0,2
960119,117.25,117.25,117.25,117.25,0,2
960122,116.3125,116.3125,116.3125,116.3125,0,2
960123,115.84375,115.84375,115.84375,115.84375,0,2
960124,116.65625,116.65625,116.65625,116.65625,0,2
960125,115.34375,115.34375,115.34375,115.34375,0,2
960126,116.28125,116.28125,116.28125,116.28125,0,2
960129,115.65625,115.65625,115.65625,115.65625,0,2
960130,115.96875,116.4375,115.96875,116.4375,1,1
960131,116.65625,116.65625,116.65625,116.65625,0,1
960201,116.125,116.125,116.125,116.125,0,1
960202,114.96875,114.96875,114.96875,114.96875,0,1
960205,114.96875,114.96875,114.96875,114.96875,0,1
960206,115.1875,115.1875,115.1875,115.1875,0,1
960207,115.09375,115.09375,115.09375,115.09375,0,1
960208,115.125,115.125,115.125,115.125,0,1
960209,115.0625,115.0625,115.0625,115.0625,0,1
960212,115.9375,115.9375,115.9375,115.9375,0,1
960213,116.0625,116.0625,116.0625,116.0625,0,1
960214,115.59375,115.59375,115.59375,115.59375,0,1
960215,114.5625,114.5625,114.5625,114.5625,0,1
960216,113.59375,113.59375,113.59375,113.59375,0,1
960220,111.625,111.625,111.625,111.625,0,1
960221,111.5625,111.5625,111.5625,111.5625,0,1
960222,111.96875,111.96875,111.96875,111.96875,0,1
960223,110.90625,110.90625,110.90625,110.90625,0,1
960226,110.65625,110.65625,110.65625,110.65625,0,1
960227,110.40625,110.40625,110.40625,110.40625,0,1
960228,110.21875,110.21875,110.21875,110.21875,0,1
960229,110.28125,110.28125,110.28125,110.28125,0,1
960301,111.40625,111.40625,111.40625,111.40625,0,1
960304,111.9375,111.9375,111.9375,111.9375,0,1
960305,111.3125,111.3125,111.3125,111.3125,0,1
960306,110.6875,110.6875,110.6875,110.6875,0,1
960307,110.46875,110.46875,110.46875,110.46875,0,1
960308,107.90625,107.90625,107.59375,107.59375,1,1
960311,108.75,108.75,108.75,108.75,0,1
960312,108.28125,108.28125,108.28125,108.28125,0,1
960313,108,108,108,108,0,1
960314,107.9375,107.9375,107.9375,107.9375,0,1
960315,107.03125,107.03125,107.03125,107.03125,0,1
960318,107.5625,107.5625,107.5625,107.5625,0,1
960319,107.84375,107.84375,107.84375,107.84375,0,1
960320,108.5625,108.5625,108.5625,108.5625,0,1
960321,108.8125,108.8125,108.8125,108.8125,0,1
960322,108.53125,108.53125,108.53125,108.53125,0,1
960325,109.46875,109.46875,109.46875,109.46875,0,1
960326,109.34375,109.34375,109.34375,109.34375,0,1
960327,108,108,108,108,0,1
960328,107.375,107.375,107.375,107.375,0,1
960329,108.125,108.125,108.125,108.125,0,1
960401,108.4375,108.4375,108.4375,108.4375,0,1
960402,108.96875,108.96875,108.96875,108.96875,0,1
960403,108.75,108.75,108.75,108.75,0,1
960404,108.28125,108.28125,108.28125,108.28125,0,1
960405,106.21875,106.21875,106.21875,106.21875,0,1
960408,105.71875,105.71875,105.71875,105.71875,0,1
960409,106.21875,106.21875,106.21875,106.21875,0,1
960410,105.40625,105.40625,105.40625,105.40625,0,1
960411,104.9375,104.9375,104.9375,104.9375,0,1
960412,106.6875,106.6875,106.6875,106.6875,0,1
960415,107.0625,107.0625,107.0625,107.0625,0,1
960416,107.0625,107.0625,107.0625,107.0625,0,1
960417,106.59375,106.59375,106.59375,106.59375,0,1
960418,106.1875,106.1875,106.1875,106.1875,0,1
960419,106.6875,106.6875,106.6875,106.6875,0,1
960422,107.25,107.25,107.25,107.25,0,1
960423,107,107,107,107,0,1
960424,106.5,106.5,106.5,106.5,0,1
960425,106.71875,106.71875,106.71875,106.71875,0,1
960426,107.03125,107.03125,107.03125,107.03125,0,1
960429,106.59375,106.59375,106.59375,106.59375,0,1
960430,105.9375,105.9375,105.9375,105.9375,0,1
960501,105.90625,105.90625,105.90625,105.90625,0,1
960502,104.1875,104.1875,104.1875,104.1875,0,1
960503,103.5,103.5,103.5,103.5,0,1
960506,103.875,103.875,103.875,103.875,0,1
960507,103.65625,103.65625,103.65625,103.65625,0,1
960508,104.625,104.625,104.625,104.625,0,1
960509,104.25,104.25,104.25,104.25,0,1
960510,105.25,105.25,105.25,105.25,0,1
960513,105.5,105.5,105.5,105.5,0,1
960514,106.09375,106.09375,106.09375,106.09375,0,1
960515,106.1875,106.1875,106.1875,106.1875,0,1
960516,105.53125,105.53125,105.53125,105.53125,0,1
960517,106.21875,106.21875,106.21875,106.21875,0,1
960520,106.40625,106.40625,106.40625,106.40625,0,1
960521,106.15625,106.15625,106.15625,106.15625,0,1
960522,106.75,106.75,106.75,106.75,0,1
960523,106.03125,106.03125,106.03125,106.03125,0,1
960524,106.625,106.625,106.625,106.625,0,1
960528,106.46875,106.46875,106.46875,106.46875,0,1
960529,105.4375,105.4375,105.4375,105.4375,0,1
960530,105.65625,105.65625,105.65625,105.65625,0,1
960531,104.6875,104.6875,104.6875,104.6875,0,1
960603,104.59375,104.59375,104.59375,104.59375,0,1
960604,104.71875,104.71875,104.71875,104.71875,0,1
960605,105.34375,105.34375,105.34375,105.34375,0,1
960606,106.15625,106.15625,106.15625,106.15625,0,1
960607,104.09375,104.34375,104.09375,104.34375,1,1
960610,103.9375,103.9375,103.9375,103.9375,0,1
960611,103.65625,103.65625,103.65625,103.65625,0,1
960612,103.21875,103.21875,103.21875,103.21875,0,1
960613,103.5625,103.5625,103.5625,103.5625,0,1
960614,104.15625,104.15625,104.15625,104.15625,0,1
960617,104.65625,104.65625,104.65625,104.65625,0,1
960618,104.34375,104.34375,104.34375,104.34375,0,1
960619,104.09375,104.09375,104.09375,104.09375,0,1
960620,104.09375,104.09375,104.09375,104.09375,0,1
960621,104.3125,104.3125,104.3125,104.3125,0,1
960624,104.46875,104.46875,104.46875,104.46875,0,1
960625,105.21875,105.21875,105.21875,105.21875,0,1
960626,105.3125,105.3125,105.3125,105.3125,0,1
960627,105.96875,105.96875,105.96875,105.96875,0,1
960628,107.03125,107.03125,107.03125,107.03125,0,1
960701,107.09375,107.09375,107.09375,107.09375,0,1
960702,106.59375,106.59375,106.59375,106.59375,0,1
960703,106.78125,106.78125,106.78125,106.78125,0,1
960705,103.96875,103.96875,103.96875,103.96875,0,1
960708,104.03125,104.03125,104.03125,104.03125,0,1
960709,104.53125,104.53125,104.53125,104.53125,0,1
960710,105.03125,105.03125,105.03125,105.03125,0,1
960711,105.3125,105.3125,105.3125,105.3125,0,1
960712,105.84375,105.84375,105.84375,105.84375,0,1
960715,105.3125,105.3125,105.3125,105.3125,0,1
960716,106,106,106,106,0,1
960717,105.875,105.875,105.875,105.875,0,1
960718,107.21875,107.21875,107.21875,107.21875,0,1
960719,106.59375,106.59375,106.59375,106.59375,0,1
960722,106.09375,106.09375,106.09375,106.09375,0,1
960723,106.625,106.625,106.625,106.625,0,1
960724,105.71875,105.71875,105.71875,105.71875,0,1
960725,105.96875,105.96875,105.96875,105.96875,0,1
960726,106.09375,106.09375,106.09375,106.09375,0,1
960729,105.28125,105.28125,105.28125,105.28125,0,1
960730,105.90625,105.90625,105.90625,105.90625,0,1
960731,106.59375,106.59375,106.59375,106.59375,0,1
960801,108.125,108.125,108.125,108.125,0,1
960802,109.1875,109.1875,109.1875,109.1875,0,1
960805,109.09375,109.09375,109.09375,109.09375,0,1
960806,108.9375,108.9375,108.9375,108.9375,0,1
960807,108.78125,108.78125,108.78125,108.78125,0,1
960808,108.625,108.625,108.625,108.625,0,1
960809,109.40625,109.40625,109.40625,109.40625,0,1
960812,109.40625,109.40625,109.40625,109.40625,0,1
960813,108.25,108.25,108.25,108.25,0,1
960814,108.3125,108.3125,108.3125,108.3125,0,1
960815,108,108,108,108,0,1
960816,108.59375,108.59375,108.59375,108.59375,0,1
960819,108.25,108.25,108.25,108.25,0,1
960820,108.21875,108.21875,108.21875,108.21875,0,1
960821,107.96875,107.96875,107.96875,107.96875,0,1
960822,107.78125,107.78125,107.78125,107.78125,0,1
960823,106.75,106.75,106.75,106.75,0,1
960826,105.84375,105.84375,105.84375,105.84375,0,1
960827,106.125,106.21875,106.125,106.21875,2,3
960828,106.0625,106.0625,106.0625,106.0625,2,3
960829,105.46875,105.46875,105.46875,105.46875,0,1
960830,104.71875,104.71875,104.71875,104.71875,0,1
960903,105.34375,105.34375,105.34375,105.34375,0,3
960904,104.9375,104.9375,104.9375,104.9375,0,1
960905,104.40625,104.40625,104.40625,104.40625,0,1
960906,104.75,104.75,104.75,104.75,0,1
960909,105.1875,105.1875,105.1875,105.1875,0,1
960910,104.59375,104.59375,104.59375,104.59375,0,1
960911,104.71875,104.71875,104.71875,104.71875,0,1
960912,105.1875,105.1875,105.1875,105.1875,0,1
960913,106.53125,106.53125,106.53125,106.53125,0,1
960916,106.59375,106.59375,106.59375,106.59375,0,1
960917,105.9375,105.9375,105.9375,105.9375,0,1
960918,105.875,105.875,105.875,105.875,0,1
960919,105.4375,105.4375,105.4375,105.4375,0,1
960920,105.53125,105.53125,105.53125,105.53125,0,1
960923,105.875,105.875,105.875,105.875,0,1
960924,106.375,106.375,106.375,106.375,0,1
960925,106.96875,106.96875,106.96875,106.96875,0,1
960926,107.5625,107.5625,107.5625,107.5625,0,1
960927,107.21875,107.21875,107.21875,107.21875,0,1
960930,106.9375,106.9375,106.9375,106.9375,0,1
961001,107.65625,107.65625,107.65625,107.65625,0,1
961002,108.03125,108.03125,108.03125,108.03125,0,1
961003,107.96875,107.96875,107.96875,107.96875,0,1
961004,109.3125,109.3125,109.3125,109.3125,0,1
961007,108.75,108.75,108.75,108.75,0,1
961008,108.71875,108.71875,108.71875,108.71875,0,1
961009,108.15625,108.15625,108.15625,108.15625,0,1
961010,107.59375,107.59375,107.59375,107.59375,0,1
961011,108.1875,108.1875,108.1875,108.1875,0,1
961015,108.09375,108.09375,108.09375,108.09375,0,1
961016,107.90625,107.90625,107.90625,107.90625,0,1
961017,108.6875,108.6875,108.6875,108.6875,0,1
961018,108.84375,108.84375,108.84375,108.84375,0,1
961021,108.625,108.625,108.625,108.625,0,1
961022,108.1875,108.1875,108.1875,108.1875,0,1
961023,108.40625,108.40625,108.40625,108.40625,0,1
961024,108.15625,108.15625,108.15625,108.15625,0,1
961025,108.5625,108.5625,108.5625,108.5625,0,1
961028,108.46875,108.46875,108.46875,108.46875,0,1
961029,109.9375,109.9375,109.9375,109.9375,0,1
961030,109.96875,109.96875,109.96875,109.96875,0,1
961031,110.375,110.375,110.375,110.375,0,1
961101,110.1875,110.1875,110.1875,110.1875,0,1
961104,110.4375,110.4375,110.4375,110.4375,0,1
961105,111.21875,111.21875,111.21875,111.21875,0,1
961106,111.0625,111.0625,111.0625,111.0625,0,1
961107,111.71875,111.71875,111.71875,111.71875,0,1
961108,111.53125,111.53125,111.53125,111.53125,0,1
961112,112.4375,112.4375,112.4375,112.4375,0,1
961113,112.25,112.25,112.25,112.25,0,1
961114,112.8125,112.8125,112.8125,112.8125,0,1
961115,112.5,112.5,112.5,112.5,0,1
961118,112.40625,112.40625,112.40625,112.40625,0,1
961119,112.71875,112.71875,112.71875,112.71875,0,1
961120,113.25,113.25,113.25,113.25,0,1
961121,113,113,113,113,0,1
961122,112.75,112.75,112.75,112.75,0,1
961125,112.9375,112.9375,112.9375,112.9375,0,1
961126,112.875,112.875,112.875,112.875,0,1
961127,112.8125,112.8125,112.8125,112.8125,0,1
961129,113.75,113.75,113.75,113.75,0,1
961202,113.75,113.75,113.75,113.75,0,1
961203,113.875,113.875,113.875,113.875,0,1
961204,113.21875,113.21875,113.21875,113.21875,0,1
961205,111.96875,111.96875,111.96875,111.96875,0,1
961206,111.71875,111.71875,111.71875,111.71875,0,1
961209,112.34375,112.34375,112.34375,112.34375,0,1
961210,112.28125,112.28125,112.28125,112.28125,0,1
961211,110.8125,110.8125,110.8125,110.8125,0,1
961212,110.40625,110.40625,110.40625,110.40625,0,1
961213,111.15625,111.15625,111.15625,111.15625,0,1
961216,110.65625,110.65625,110.65625,110.65625,0,1
961217,110,110.4375,110,110.4375,10,11
961218,109.96875,109.96875,109.96875,109.96875,0,11
961219,111.0625,111.0625,111.0625,111.0625,0,11
961220,111.1875,111.1875,111.1875,111.1875,0,11
961223,111.34375,111.34375,111.34375,111.34375,0,11
961224,111.3125,111.3125,111.3125,111.3125,0,11
961226,111.25,111.25,111.25,111.25,0,11
961227,111.9375,111.9375,111.9375,111.9375,0,11
961230,111.875,111.875,111.875,111.875,0,11
961231,110.625,110.625,110.625,110.625,0,11
970102,109.34375,109.34375,109.34375,109.34375,0,11
970103,109.53125,109.53125,109.53125,109.53125,0,11
970106,109.25,109.25,109.25,109.25,0,11
970107,108.84375,108.84375,108.84375,108.84375,0,11
970108,108.65625,108.65625,108.65625,108.65625,0,11
970109,109.375,109.375,109.375,109.375,0,11
970110,108.28125,108.28125,108.28125,108.28125,0,11
970113,108.34375,108.34375,108.34375,108.34375,0,11
970114,109.375,109.375,109.375,109.375,0,11
970115,109.28125,109.28125,109.28125,109.28125,0,11
970116,108.71875,108.71875,108.71875,108.71875,0,11
970117,108.96875,108.96875,108.96875,108.96875,0,11
970121,109.53125,109.53125,109.53125,109.53125,0,11
970122,109.0625,109.0625,109.0625,109.0625,0,11
970123,108.875,108.875,108.875,108.875,0,11
970124,108.25,108.25,108.25,108.25,0,11
970127,107.78125,107.78125,107.78125,107.78125,0,11
970128,108.0625,108.0625,108.0625,108.0625,0,11
970129,108.25,108.25,108.25,108.25,0,11
970130,108.5625,108.5625,108.5625,108.5625,0,11
970131,109.46875,109.46875,109.46875,109.46875,0,11
970203,110.125,110.125,110.125,110.125,0,11
970204,110.25,110.25,110.25,110.25,0,11
970205,110.0625,110.0625,110.0625,110.0625,0,11
970206,109.9375,109.9375,109.9375,109.9375,0,11
970207,110.53125,110.53125,110.53125,110.53125,0,11
970210,110.53125,110.53125,110.53125,110.53125,0,11
970211,110.5,110.5,110.5,110.5,0,11
970212,110.46875,110.46875,110.46875,110.46875,0,11
970213,111.375,111.375,111.375,111.375,0,11
970214,111.96875,111.96875,111.96875,111.96875,0,11
970218,111.875,111.875,111.875,111.875,0,11
970219,111.65625,111.65625,111.65625,111.65625,0,11
970220,111.0625,111.0625,111.0625,111.0625,0,11
970221,110.96875,110.96875,110.96875,110.96875,0,11
970224,110.625,110.625,110.625,110.625,0,11
970225,110.59375,110.59375,110.59375,110.59375,0,11
970226,108.875,108.875,108.875,108.875,0,11
970227,108.8125,108.8125,108.8125,108.8125,0,11
970228,108.96875,108.96875,108.96875,108.96875,0,11
970303,108.71875,108.71875,108.71875,108.71875,0,11
970304,108.375,108.375,108.375,108.375,0,11
970305,108.5,108.5,108.5,108.5,20,31
970306,108.09375,108.09375,108.09375,108.09375,0,31
970307,108.625,108.625,108.625,108.625,0,31
970310,108.6875,108.6875,108.6875,108.6875,0,31
970311,108.5625,108.5625,108.5625,108.5625,0,31
970312,108.1875,108.1875,108.1875,108.1875,0,31
970313,107,107,107,107,0,36
970314,107.3125,107.34375,107.3125,107.34375,5,31
970317,107.21875,107.21875,107.21875,107.21875,0,31
970318,107.25,107.3125,107.15625,107.15625,10,41
970319,106.96875,106.96875,106.96875,106.96875,0,41
970320,106.90625,107.1875,106.90625,107.1875,1,41
970321,107.25,107.25,107.25,107.25,0,41
970324,107.5,107.5,107.5,107.5,0,41
970325,108,108,107.25,107.25,1,41
970326,107.0625,107.0625,107.0625,107.0625,0,41
970327,106.375,106.375,105.96875,105.96875,5,39
970331,105.8125,105.8125,105.8125,105.8125,0,39
970401,106.03125,106.03125,106.03125,106.03125,0,39
970402,106.125,106.125,106.125,106.125,0,39
970403,106.21875,106.21875,106.21875,106.21875,0,39
970404,105.5625,105.5625,105.5625,105.5625,0,39
970407,106.1875,106.1875,106.1875,106.1875,0,39
970408,105.96875,105.96875,105.96875,105.96875,0,39
970409,105.90625,105.90625,105.90625,105.90625,0,39
970410,105.90625,105.90625,105.90625,105.90625,0,39
970411,105.1875,105.1875,105.1875,105.1875,0,39
970414,105.25,105.25,105.25,105.25,0,39
970415,106.1875,106.1875,106.1875,106.1875,0,39
970416,106.03125,106.03125,106.03125,106.03125,0,39
970417,106.4375,106.4375,106.4375,106.4375,0,39
970418,106.59375,106.59375,106.59375,106.59375,0,39
970421,106.21875,106.21875,106.21875,106.21875,60,61
970422,106.6875,106.6875,106.6875,106.6875,0,61
970423,106.3125,106.3125,106.3125,106.3125,0,61
970424,106.3125,106.3125,105.9375,105.9375,142,201
970425,105.75,105.75,105.75,105.75,0,201
970428,106.03125,106.03125,106.03125,106.03125,0,201
970429,107.375,107.5625,107.375,107.5625,1,201
970430,107.5625,107.875,107.5625,107.875,201,401
970501,108.25,108.25,108.25,108.25,0,401
970502,108.5625,108.5625,108.5625,108.5625,0,401
970505,108.6875,108.6875,108.6875,108.6875,0,401
970506,108.75,108.75,108.75,108.75,0,401
970507,108,108,108,108,0,401
970508,108.5,108.5,108.5,108.5,0,401
970509,108.90625,108.90625,108.90625,108.90625,0,401
970512,109,109,109,109,300,701
970513,108.40625,108.40625,108.40625,108.40625,100,801
970514,108.75,108.75,108.75,108.75,0,801
970515,108.90625,108.90625,108.90625,108.90625,0,801
970516,108.5625,108.5625,108.5625,108.5625,0,801
970519,108.46875,108.46875,108.46875,108.46875,0,801
970520,108.40625,108.40625,108.40625,108.40625,0,801
970521,107.8125,107.8125,107.8125,107.8125,0,801
970522,107.59375,107.59375,107.59375,107.59375,0,801
970523,107.71875,107.71875,107.71875,107.71875,0,801
970527,107.25,107.25,107.25,107.25,5,801
970528,107.71875,107.71875,107.25,107.25,1,801
970529,107.75,107.875,107.75,107.875,4,801
970530,108.5625,108.5625,108.5625,108.5625,135,801
970602,108.6875,108.6875,108.6875,108.6875,0,801
970603,109.03125,109.03125,109.03125,109.03125,0,801
970604,108.96875,108.96875,108.96875,108.96875,0,801
970605,108.9375,108.9375,108.9375,108.9375,0,801
970606,110.15625,110.15625,110.15625,110.15625,0,801
970609,109.53125,109.53125,109.53125,109.53125,0,801
970610,109.46875,109.46875,109.46875,109.46875,0,801
970611,109.53125,109.53125,109.53125,109.53125,0,801
970612,110.3125,110.3125,110.3125,110.3125,0,801
970613,110.78125,110.78125,110.78125,110.78125,0,801
970616,111,111,111,111,0,801
970617,110.78125,110.78125,110.78125,110.78125,0,801
970618,111.09375,111.09375,111.09375,111.09375,0,801
970619,111.125,111.125,111.125,111.125,0,801
970620,111.5,111.5,111.5,111.5,0,801
970623,111.09375,111.09375,111.09375,111.09375,0,801
970624,111.125,111.125,111.125,111.125,0,801
970625,110.71875,110.71875,110.71875,110.71875,18,801
970626,110.125,110.125,110.125,110.125,3,804
970627,110.59375,110.59375,110.59375,110.59375,0,801
970630,110.03125,110.03125,110.03125,110.03125,0,801
970701,110.71875,110.78125,110.65625,110.65625,7,807
970702,111.03125,111.03125,111.03125,111.03125,0,801
970703,112.15625,112.15625,112.15625,112.15625,0,802
970707,112.375,112.625,112.375,112.625,1,801
970708,112.59375,112.59375,112.59375,112.59375,15,801
970709,112.875,112.875,112.875,112.875,0,786
970710,112.84375,112.84375,112.84375,112.84375,0,786
970711,113.3125,113.3125,113.09375,113.09375,1,786
970714,112.90625,112.90625,112.90625,112.90625,0,786
970715,112.90625,112.90625,112.90625,112.90625,0,786
970716,113.65625,113.65625,113.65625,113.65625,231,887
970717,113.5625,113.65625,113.5625,113.65625,7,661
970718,113.1875,113.1875,113.1875,113.1875,0,661
970721,113,113,113,113,0,661
970722,114.25,114.25,114.25,114.25,1,661
970723,114.59375,114.59375,114.34375,114.34375,766,792
970724,114.28125,114.28125,114.28125,114.28125,0,790
970725,114,114,114,114,1003,1631
970728,114.40625,114.40625,114.40625,114.40625,0,1631
970729,114.90625,114.90625,114.90625,114.90625,4,1631
970730,115.34375,115.34375,115.34375,115.34375,507,2133
970731,115.71875,115.71875,115.71875,115.71875,0,2132
970801,113.78125,113.78125,113.78125,113.78125,6,2138
970804,113.4375,113.625,113.4375,113.625,1,2132
970805,113.5625,113.5625,113.5625,113.5625,0,2132
970806,113.71875,113.71875,113.71875,113.71875,0,2132
970807,113.1875,113.1875,113.1875,113.1875,0,2132
970808,111.625,111.625,111.625,111.625,0,2132
970811,111.6875,111.6875,111.6875,111.6875,7,2139
970812,111.40625,111.40625,111.40625,111.40625,2,2138
970813,111.75,111.75,111.75,111.75,98,2230
970814,112.5625,112.5625,112.5625,112.5625,202,2328
970815,112.5625,112.5625,112.5625,112.5625,0,2128
970818,113.03125,113.03125,113.03125,113.03125,0,2128
970819,113.125,113.125,113.125,113.125,0,2128
970820,112.84375,112.84375,112.84375,112.84375,10,2138
970821,112.15625,112.15625,112.15625,112.15625,250,2388
970822,111.375,111.375,111.375,111.375,200,2588
970825,111.3125,111.3125,111.3125,111.3125,0,2588
970826,111.46875,111.46875,111.46875,111.46875,0,2588
970827,111.59375,111.59375,111.59375,111.59375,50,2538
970828,112.53125,112.53125,112.53125,112.53125,1,2539
970829,112,112,112,112,0,2539
970902,112.46875,112.46875,112.46875,112.46875,0,2539
970903,112.25,112.25,112.25,112.25,0,2539
970904,112.25,112.25,112.25,112.25,0,2539
970905,111.84375,111.84375,111.84375,111.84375,410,2546
970908,112.125,112.125,112.125,112.125,1,2540
970909,112.0625,112.0625,112.0625,112.0625,0,2540
970910,111.8125,111.8125,111.8125,111.8125,45,2568
970911,111.28125,111.4375,111.28125,111.4375,3,2568
970912,112.5,112.5,112.5,112.5,0,2568
970915,112.65625,112.65625,112.65625,112.65625,10,2568
970916,114.625,114.625,114.625,114.625,1104,3572
970917,114.84375,114.84375,114.84375,114.84375,1104,3528
970918,114.8125,114.8125,114.8125,114.8125,1410,3507
970919,115,115,115,115,1410,2107
970922,115.28125,115.3125,115.28125,115.3125,3,2109
970923,114.96875,114.96875,114.90625,114.90625,4,2113
970924,115.625,115.625,115.625,115.625,1,2113
970925,114.6875,114.6875,114.6875,114.6875,0,2113
970926,115.09375,115.09375,115.09375,115.09375,0,2113
970929,114.78125,114.96875,114.78125,114.96875,107,2220
970930,114.625,114.625,114.625,114.625,2020,3969
971001,115.65625,115.65625,115.65625,115.65625,358,4238
971002,115.96875,116,115.96875,115.96875,57,4289
971003,117.46875,117.46875,116,116,1822,5326
971006,116.53125,116.53125,116.53125,116.53125,989,6310
971007,116.75,116.78125,116.75,116.78125,453,6786
971008,115.21875,115.21875,115.21875,115.21875,424,7117
971009,115.09375,115.09375,115.09375,115.09375,1752,8367
971010,114.34375,114.34375,114.34375,114.34375,1026,8404
971014,115.1875,115.1875,115.1875,115.1875,0,8354
971015,114.75,114.8125,114.625,114.8125,83,8275
971016,114.84375,114.84375,114.84375,114.84375,10,8275
971017,114.4375,114.4375,114.1875,114.1875,154,8282
971020,114.40625,114.40625,114.40625,114.40625,21,8301
971021,114.40625,114.40625,114.40625,114.40625,45,8301
971022,114.3125,114.59375,114.28125,114.59375,13,8306
971023,114.5,115.9375,114.5,115.65625,2498,9338
971024,115.96875,116.125,115.9375,116.125,5463,11472
971027,116.59375,116.6875,116.59375,116.6875,3347,11945
971028,117.90625,118,116,116,263,11825
971029,116.28125,117,116.28125,116.90625,27,11715
971030,117.5,117.5,117.5,117.5,101,11711
971031,117.65625,117.78125,117.5,117.78125,367,11945
971103,117.28125,117.28125,117.0625,117.09375,905,12217
971104,117.03125,117.03125,116.65625,116.65625,507,12169
971105,116.75,116.75,116.71875,116.71875,549,12640
971106,116.90625,117.375,116.90625,117.34375,27,12617
971107,117.34375,117.34375,117.25,117.3125,2852,13452
971110,117,117.28125,117,117.28125,361,13597
971112,117.09375,117.53125,117.09375,117.53125,3,13598
971113,118.15625,118.15625,117.71875,117.71875,238,13694
971114,118.09375,118.40625,117.90625,117.90625,320,13523
971117,117.40625,118.1875,117.40625,118.1875,1149,14082
971118,118.34375,118.34375,118.21875,118.25,498,13990
971119,118.5625,118.875,118.5625,118.78125,198,14048
971120,118.5625,118.96875,118.46875,118.5,2525,15363
971121,118,118.71875,117.96875,118.71875,590,15371
971124,118.40625,118.53125,118.25,118.25,818,15363
971125,118.34375,118.625,118.34375,118.53125,209,15357
971126,118.375,118.65625,118.375,118.59375,887,14753
971128,118.71875,118.71875,118.71875,118.71875,704,14757
971201,118.90625,118.96875,118.6875,118.78125,176,14805
971202,118.84375,118.875,118.625,118.8125,1465,15208
971203,118.96875,119.125,118.84375,119,1061,15604
971204,119.09375,119.34375,118.84375,118.84375,4941,17761
971205,118.5,118.53125,117.3125,118.40625,1511,17987
971208,118.28125,118.53125,117.65625,117.65625,2211,19007
971209,117.75,117.8125,117.5625,117.75,909,18725
971210,117.9375,118.1875,117.90625,118.1875,2604,20290
971211,118.75,119.4375,118.75,119.09375,3432,21259
971212,119.90625,120.09375,119.5625,120.0625,576,21039
971215,120.09375,120.15625,119.625,119.625,9546,27683
971216,119.71875,119.84375,119.46875,119.8125,1119,28333
971217,119.8125,119.8125,119.1875,119.46875,251,28320
971218,119.5625,120.25,119.5625,120.03125,135,28337
971219,120.375,120.9375,120.25,120.46875,661,28326
971222,120.5625,120.625,120.40625,120.59375,8423,31431
971223,120.75,121.03125,120.40625,120.5625,192,31438
971224,120.46875,120.5625,120.40625,120.4375,49,31415
971226,120.21875,120.59375,120.21875,120.46875,15,31414
971229,120.46875,120.53125,120.1875,120.21875,327,31479
971230,120.09375,120.125,119.3125,119.5625,3029,31013
971231,119.75,120.21875,119.6875,120.15625,250,31011
980102,120.15625,121.28125,120.15625,121.15625,5450,34932
980105,121.5625,122.6875,121.5625,122.625,1791,34637
980106,122.5625,122.90625,122.15625,122.71875,4260,35419
980107,122.40625,122.59375,121.78125,121.9375,4972,38011
980108,122,122.875,122,122.53125,8812,39978
980109,122.46875,123.34375,122,123.3125,11086,44667
980112,123.09375,123.875,123.09375,123.34375,8047,39994
980113,123,123.375,122.71875,123.1875,6885,41386
980114,122.46875,123.3125,122.46875,122.84375,1600,41399
980115,123.09375,123.125,122.6875,122.6875,544,40435
980116,122.5,122.53125,121.96875,122,5723,42441
980120,121.9375,122.3125,121.6875,121.6875,5310,45203
980121,121.40625,122.09375,121.34375,121.96875,5209,47087
980122,122.09375,122.125,121.25,121.53125,8289,45683
980123,121.1875,121.1875,119.71875,119.78125,6852,45737
980126,119.6875,120.8125,119.25,120.75,12239,51889
980127,120.78125,120.78125,119.875,120.09375,1760,51883
980128,120.1875,120.5625,119.75,120.21875,2387,52081
980129,120.125,121.625,120.09375,121.5,1784,51762
980130,121.5,122,121.34375,121.9375,30777,73244
980202,121.75,121.78125,121.15625,121.28125,4807,73621
980203,121.3125,121.59375,121.125,121.375,3261,74358
980204,121.25,121.46875,120.84375,121.28125,2872,75263
980205,121.28125,121.5625,120.40625,120.53125,2415,75307
980206,120.3125,120.875,119.96875,120.625,14830,86659
980209,120.5,120.59375,120.03125,120.25,3903,88447
980210,120.25,120.5625,120.25,120.5,1676,88594
980211,120.625,121.46875,120.59375,121.4375,2912,89366
980212,121.53125,122.03125,121.125,121.15625,17690,92770
980213,121.375,121.75,121.375,121.5625,46394,113528
980217,121.875,122.375,121.875,122.25,46192,132071
980218,122.3125,122.53125,121.65625,121.75,67560,164605
980219,121.78125,121.875,121.40625,121.59375,35493,177699
980220,121.59375,121.65625,121.03125,121.34375,74632,213983
980223,121.625,122,120.75,120.78125,162096,264642
980224,120.84375,121.21875,119.59375,119.875,133076,314620
980225,120.0625,120.59375,119.96875,120.53125,70723,346956
980226,120.59375,120.65625,119.96875,120.1875,162457,398324
980227,120.0625,120.5,119.3125,120.46875,662176,448847
980302,120.46875,120.5625,119.3125,119.34375,454610,469825
980303,119.5,119.625,118.625,118.84375,694166,520377
980304,118.59375,119.28125,118.5,119,484050,533848
980305,119.0625,119.5,118.5,118.65625,614332,549744
980306,118.6875,119.4375,118.3125,119.1875,628520,561205
980309,119.21875,120,119.15625,119.90625,312609,568620
980310,119.96875,120.09375,119.6875,119.9375,308717,578147
980311,120.03125,120.40625,119.90625,120.34375,303002,574128
980312,120.28125,121.28125,120.125,121.1875,711561,658752
980313,121.1875,121.25,120.5625,120.9375,453523,656042
980316,120.84375,121.53125,120.6875,121.40625,278768,660076
980317,121.3125,121.6875,120.90625,121,440760,667392
980318,120.875,121.1875,120.71875,120.8125,305976,660264
980319,120.8125,120.96875,120.25,120.78125,501546,675805
980320,120.84375,121.15625,120.6875,121.0625,258046,672244
980323,121,121.25,120.5625,121.15625,268081,685336
980324,121.09375,121.375,120.96875,121.15625,230885,671209
980325,121.15625,121.625,120.34375,120.40625,580543,678047
980326,120.40625,120.5625,120.0625,120.09375,370033,669408
980327,120.09375,120.40625,119.78125,120.03125,373459,667587
980330,119.90625,120.34375,119.625,119.78125,261688,676646
980331,119.84375,120.375,119.6875,120.25,364037,676336
980401,120.28125,120.78125,120.09375,120.75,358819,681044
980402,120.8125,121.46875,120.75,121.4375,393373,684613
980403,121.46875,122.875,121.40625,122.4375,734637,733310
980406,122.4375,122.4375,121.8125,121.875,341089,729577
980407,121.8125,122.09375,121.65625,121.6875,283011,727103
980408,121.6875,121.90625,120.8125,120.9375,442737,719487
980409,120.96875,121.53125,120.5625,121.15625,534065,718258
980413,121,121.15625,120.0625,120.375,325150,691455
980414,120.40625,120.9375,120.375,120.71875,353296,687003
980415,120.8125,121.0625,120.5,121.03125,287151,678100
980416,121.0625,121.4375,120.96875,121.1875,321189,686042
980417,121.25,121.5,121.03125,121.1875,277394,683918
980420,121.1875,121.21875,120.375,120.625,223942,677702
980421,120.59375,120.65625,120.125,120.1875,376907,681614
980422,120.21875,120.46875,119.875,120.125,379238,678082
980423,120.15625,120.21875,119.6875,119.9375,426838,678898
980424,119.9375,120.375,119.40625,120.34375,341734,676959
980427,120.34375,120.375,118.53125,118.78125,588118,689257
980428,118.9375,119.21875,118.6875,118.71875,399881,689117
980429,118.6875,118.90625,118.4375,118.6875,371906,697836
980430,118.6875,120.28125,118.4375,120.21875,629220,703884
980501,120.25,120.875,120.125,120.34375,385871,686808
980504,120.4375,120.5,120,120.34375,149327,681259
980505,120.40625,120.40625,119.90625,120,256627,676377
980506,119.96875,120.46875,119.65625,120.34375,437898,688095
980507,120.4375,120.625,120.09375,120.34375,299533,682027
980508,120.3125,120.4375,119.65625,120,512781,693781
980511,120.03125,120.03125,119.09375,119.125,282199,690060
980512,119.125,120.1875,119.0625,120.15625,381059,697622
980513,120.09375,120.71875,119.875,120.34375,501809,717112
980514,120.375,120.5,119.90625,119.9375,359605,711456
980515,119.9375,120.125,119.78125,119.96875,182619,705205
980518,119.96875,120.625,119.96875,120.59375,298643,710400
980519,120.5,120.6875,120.25,120.4375,318624,691528
980520,120.4375,121.15625,120.28125,120.9375,515651,707174
980521,120.9375,121.21875,120.28125,120.46875,580651,673742
980522,120.46875,120.8125,120.375,120.6875,248363,617318
980526,120.71875,121.46875,120.71875,121.3125,550878,524065
980527,121.4375,121.8125,121.375,121.5625,528743,474040
980528,121.46875,121.65625,121.25,121.46875,492108,384272
980529,121.4375,122.03125,121.4375,121.71875,220439,291801
980601,121.84375,122.34375,121.8125,122.03125,60373,253561
980602,122.125,122.1875,121.6875,121.8125,66700,221041
980603,121.8125,121.9375,121.53125,121.78125,44109,193018
980604,121.84375,121.96875,121.375,121.5625,29610,177138
980605,121.5625,122.28125,121.125,121.875,58018,161052
980608,121.78125,122.03125,121.6875,121.90625,51400,131987
980609,121.9375,122,121.59375,121.90625,35909,123879
980610,121.90625,123.03125,121.875,123,43902,105677
980611,123.0625,123.71875,122.8125,123.6875,33894,83434
980612,123.625,123.875,123.3125,123.6875,30408,66942
980615,123.375,124.3125,123.375,124.25,20940,52416
980616,124.40625,124.53125,123.53125,123.5625,29132,42214
980617,123.3125,123.40625,122.15625,122.40625,13478,32485
980618,122.59375,122.96875,122.5625,122.9375,17561,21619
980619,122.90625,122.90625,122.3125,122.6875,21867,9917
